[array([76.4516129 , 72.4137931 , 61.82572614, 63.92251816, 57.39130435,
       53.26086957, 65.70048309, 79.71014493, 71.01449275, 72.90322581,
       66.6061706 , 56.63900415, 53.26876513, 52.46376812, 46.73913043,
       70.53140097, 84.05797101, 75.36231884, 81.12903226, 81.12522686,
       63.48547718, 56.17433414, 54.7826087 , 56.88405797, 66.66666667,
       68.11594203, 76.8115942 , 73.87096774, 54.44646098, 53.73443983,
       61.01694915, 57.97101449, 56.88405797, 66.66666667, 71.73913043,
       75.36231884, 75.        , 66.06170599, 68.25726141, 61.2590799 ,
       62.02898551, 55.43478261, 68.59903382, 74.63768116, 71.01449275,
       75.        , 69.14700544, 64.3153527 , 64.16464891, 56.8115942 ,
       58.69565217, 68.11594203, 78.98550725, 78.26086957, 74.19354839,
       68.05807623, 70.53941909, 70.70217918, 57.68115942, 57.24637681,
       63.76811594, 73.1884058 , 79.71014493, 72.74193548, 67.69509982,
       62.03319502, 59.8062954 , 64.92753623, 62.31884058, 64.25120773,
       77.53623188, 81.15942029, 68.06451613, 74.22867514, 62.2406639 ,
       66.82808717, 57.97101449, 53.98550725, 61.352657  , 64.49275362,
       79.71014493, 78.70967742, 69.50998185, 70.33195021, 59.56416465,
       54.20289855, 60.50724638, 67.14975845, 71.73913043, 69.56521739]), array([75.96774194, 68.78402904, 56.01659751, 59.07990315, 73.33333333,
       79.34782609, 81.64251208, 81.88405797, 82.60869565, 70.64516129,
       62.06896552, 61.2033195 , 55.93220339, 77.68115942, 83.33333333,
       81.15942029, 88.4057971 , 81.15942029, 75.64516129, 79.12885662,
       67.63485477, 61.50121065, 68.4057971 , 79.34782609, 80.19323671,
       83.33333333, 82.60869565, 74.03225806, 52.26860254, 54.14937759,
       58.8377724 , 75.65217391, 80.79710145, 74.39613527, 81.15942029,
       81.15942029, 74.19354839, 64.60980036, 62.2406639 , 64.40677966,
       70.72463768, 76.8115942 , 80.19323671, 82.60869565, 81.15942029,
       73.38709677, 66.24319419, 64.3153527 , 59.07990315, 78.84057971,
       81.52173913, 82.60869565, 85.50724638, 85.50724638, 65.32258065,
       60.43557169, 63.69294606, 70.70217918, 65.79710145, 80.79710145,
       80.6763285 , 82.60869565, 78.26086957, 73.87096774, 66.96914701,
       59.33609959, 66.10169492, 75.94202899, 77.17391304, 82.12560386,
       84.7826087 , 82.60869565, 67.41935484, 68.78402904, 57.26141079,
       61.98547215, 72.17391304, 77.53623188, 82.12560386, 76.08695652,
       85.50724638, 75.64516129, 62.61343013, 71.78423237, 58.3535109 ,
       66.95652174, 76.44927536, 79.22705314, 78.98550725, 78.26086957]), array([70.64516129, 72.59528131, 52.90456432, 66.82808717, 78.55072464,
       75.        , 84.5410628 , 86.23188406, 82.60869565, 70.96774194,
       65.69872958, 57.88381743, 64.64891041, 72.75362319, 72.46376812,
       80.6763285 , 91.30434783, 82.60869565, 78.06451613, 73.86569873,
       64.3153527 , 65.61743341, 70.14492754, 75.72463768, 79.22705314,
       81.15942029, 81.15942029, 73.38709677, 54.80943739, 52.0746888 ,
       56.90072639, 72.17391304, 77.53623188, 79.71014493, 81.88405797,
       79.71014493, 73.38709677, 66.4246824 , 62.03319502, 57.86924939,
       69.27536232, 78.62318841, 81.15942029, 86.23188406, 88.4057971 ,
       75.64516129, 68.96551724, 64.10788382, 62.46973366, 69.27536232,
       80.79710145, 78.74396135, 86.95652174, 84.05797101, 71.93548387,
       63.70235935, 64.52282158, 64.40677966, 68.11594203, 78.26086957,
       81.15942029, 83.33333333, 78.26086957, 74.03225806, 66.06170599,
       60.1659751 , 67.07021792, 76.52173913, 78.62318841, 82.12560386,
       89.13043478, 79.71014493, 66.61290323, 72.0508167 , 62.86307054,
       61.50121065, 72.17391304, 77.53623188, 76.8115942 , 75.36231884,
       86.95652174, 74.03225806, 65.15426497, 66.80497925, 57.14285714,
       69.56521739, 78.98550725, 78.26086957, 81.15942029, 82.60869565])]