[76.4516129  72.4137931  61.82572614 63.92251816 57.39130435 53.26086957
 65.70048309 79.71014493 71.01449275 72.90322581 66.6061706  56.63900415
 53.26876513 52.46376812 46.73913043 70.53140097 84.05797101 75.36231884
 81.12903226 81.12522686 63.48547718 56.17433414 54.7826087  56.88405797
 66.66666667 68.11594203 76.8115942  73.87096774 54.44646098 53.73443983
 61.01694915 57.97101449 56.88405797 66.66666667 71.73913043 75.36231884
 75.         66.06170599 68.25726141 61.2590799  62.02898551 55.43478261
 68.59903382 74.63768116 71.01449275 75.         69.14700544 64.3153527
 64.16464891 56.8115942  58.69565217 68.11594203 78.98550725 78.26086957
 74.19354839 68.05807623 70.53941909 70.70217918 57.68115942 57.24637681
 63.76811594 73.1884058  79.71014493 72.74193548 67.69509982 62.03319502
 59.8062954  64.92753623 62.31884058 64.25120773 77.53623188 81.15942029
 68.06451613 74.22867514 62.2406639  66.82808717 57.97101449 53.98550725
 61.352657   64.49275362 79.71014493 78.70967742 69.50998185 70.33195021
 59.56416465 54.20289855 60.50724638 67.14975845 71.73913043 69.56521739]