[75.96774194 68.78402904 56.01659751 59.07990315 73.33333333 79.34782609
 81.64251208 81.88405797 82.60869565 70.64516129 62.06896552 61.2033195
 55.93220339 77.68115942 83.33333333 81.15942029 88.4057971  81.15942029
 75.64516129 79.12885662 67.63485477 61.50121065 68.4057971  79.34782609
 80.19323671 83.33333333 82.60869565 74.03225806 52.26860254 54.14937759
 58.8377724  75.65217391 80.79710145 74.39613527 81.15942029 81.15942029
 74.19354839 64.60980036 62.2406639  64.40677966 70.72463768 76.8115942
 80.19323671 82.60869565 81.15942029 73.38709677 66.24319419 64.3153527
 59.07990315 78.84057971 81.52173913 82.60869565 85.50724638 85.50724638
 65.32258065 60.43557169 63.69294606 70.70217918 65.79710145 80.79710145
 80.6763285  82.60869565 78.26086957 73.87096774 66.96914701 59.33609959
 66.10169492 75.94202899 77.17391304 82.12560386 84.7826087  82.60869565
 67.41935484 68.78402904 57.26141079 61.98547215 72.17391304 77.53623188
 82.12560386 76.08695652 85.50724638 75.64516129 62.61343013 71.78423237
 58.3535109  66.95652174 76.44927536 79.22705314 78.98550725 78.26086957]