[0.14111114 0.07457972 0.11120415 0.15945005 0.21210146 0.27244496
 0.21207023 0.16877675 0.24303031 0.01999021 0.08893418 0.05131245
 0.06871891 0.07655191 0.08437991 0.09702349 0.10842323 0.11189771
 0.01388073 0.02867508 0.05038333 0.0648911  0.07759643 0.08693624
 0.10048699 0.10366225 0.11161375 0.01645207 0.02875233 0.04983926
 0.07352066 0.19462419 0.08575463 0.2178967  0.11804724 0.11046815
 0.01402974 0.02799582 0.04978681 0.06567645 0.07513118 0.08462071
 0.18830204 0.19588375 0.13469434 0.01344633 0.450032   0.04893303
 0.06441736 0.08884263 0.091537   0.11110759 0.1476922  0.13941526
 0.01495361 0.04094052 0.05261016 0.06303596 0.07283902 0.0836246
 0.17132306 0.17011046 0.20542312 0.03334165 0.04686499 0.09105182
 0.09310722 0.23836231 0.154284   0.09861517 0.10613394 0.12583661
 0.01472425 0.02963948 0.05120087 0.06654143 0.0768199  0.08700776
 0.11349297 0.10596538 0.12150598 0.0132885  0.0314765  0.0496881
 0.063869   0.08221292 0.09203124 0.11274862 0.11677885 0.11399007]