[44.43581738 44.53024234  4.30441468  4.29982205  2.73811324  2.77030949
  2.26125589  2.31798052  2.05242244 44.48740253 44.68225513  4.04914769
  4.31883591  2.72374215  2.71712659  2.24406539  2.21842606  2.08403023
 44.70950647 44.92823975  4.16098307  4.15954241  2.76879597  2.69584762
  2.16078406  2.18218714  2.03702613 44.91027022 44.72183759  4.16552506
  4.32767143  2.74748557  2.68140532  2.29919091  2.25117988  2.06150863
 44.54316072 44.79845057  4.42162968  4.14737915  2.70072412  2.70933767
  2.33493552  2.29118207  2.11351072 44.86815722 45.02081777  4.04418831
  4.06800261  2.7343329   2.72917047  2.24748322  2.30909263  2.169633
 44.99558773 44.74164936  4.33404559  4.25212505  2.80534937  2.72883602
  2.2224602   2.28400608  2.20691885 44.51869904 44.83746697  4.28101906
  4.21134464  2.73991212  2.77415053  2.3349363   2.35219316  2.1695069
 45.07949386 45.02902522  4.28414942  4.17390306  2.74150542  2.75276194
  2.27277092  2.20765969  2.11445237 44.72459809 44.62401684  4.1994851
  4.1733033   2.72595952  2.7073166   2.23604755  2.31515891  2.03555309]