[36.56478052 36.58558686 36.97901179 36.61039325 36.27319779 36.5497645
 36.65812194 36.38610917 36.91663884 36.22444247 36.71427153 36.6157967
 36.40372269 36.66304979 36.56962051 36.5942021  36.49305406 36.85454461
 36.51901429 36.72651631 36.22374921 36.73018056 36.69296704 36.56128902
 36.35819873 36.57729981 36.4027924  36.48185957 36.48911081 36.72033509
 36.67591788 36.84273872 36.29306717 36.30686033 36.10970973 36.34141513
 36.54643369 36.79111429 36.66705891 36.3178644  36.19231    36.61725044
 36.44995734 36.2678047  36.76946696 36.71028745 36.56441224 36.43028128
 36.50570304 36.44642007 36.7427214  36.85818684 36.85100188 36.50434673
 36.27330885 36.61723586 36.50666701 36.42862334 36.60776895 36.3645345
 37.01209184 36.44568383 36.66550963 36.40098345 36.4382303  36.1515112
 35.93696599 36.1605729  36.65732966 36.53018069 36.67537022 36.36776673
 37.10417979 36.20627899 36.598017   36.76191086 36.76451912 36.57997489
 36.30804203 36.05965039 36.36271695 36.18788497 36.90411712 36.22636781
 36.61395549 36.42255212 36.74779588 36.33647505 36.16624111 36.68680826]