[ 1.11614323  0.86378598  6.85579658  6.96229339 12.01402545 12.23494458
 15.92504525 17.0573163  21.89792442  0.68563128  0.54260612  3.45915365
  3.5083549   5.52418041  5.69535899  8.71945643  8.59796143 10.87834287
  0.51129556  0.5326407   3.27938056  3.55118847  5.74772429  5.67735004
  8.01503539  7.98225975 10.28872752  0.51817679  0.53407359  3.15964365
  3.70179725  9.44525027  8.64566636  8.48129535  8.76851344 11.65512586
  0.54214168  0.53139043  3.2027936   3.28860497  5.59490871  5.94920659
  8.57029986  9.21870995 10.56597257  0.53080845  0.52520394  3.19509888
  3.08240008  5.62558889  5.67212725  8.25725889  8.4240706  11.77618456
  0.55232     0.54794979  3.58757401  3.2124927   6.22332597  5.7301476
 13.55367517 16.04770684 20.71221542  0.9501071   0.91559553  6.35415077
  6.15126824 11.22302413 10.42203403 12.63993049  8.15482855 10.53696036
  0.51353979  0.51102972  3.13493633  3.20253921  5.59338188  5.51527524
  8.72733855  8.41241789 10.73379993  0.51659966  0.52811742  3.15639162
  3.15872765  5.62013197  5.8196981   8.79450393  7.96986103 10.38409114]