[array([55.94202899, 56.95652174, 51.18012422, 52.75362319, 59.82608696,
       59.13043478, 61.15942029, 62.60869565, 63.47826087, 60.77294686,
       56.52173913, 55.65217391, 55.07246377, 60.69565217, 62.39130435,
       61.73913043, 64.7826087 , 73.91304348, 52.36714976, 51.41304348,
       54.28571429, 54.05797101, 56.34782609, 60.86956522, 66.08695652,
       70.43478261, 64.34782609, 60.09661836, 49.13043478, 53.04347826,
       53.33333333, 57.91304348, 62.39130435, 63.76811594, 69.13043478,
       59.13043478, 55.36231884, 53.58695652, 53.41614907, 56.66666667,
       57.73913043, 68.26086957, 66.08695652, 63.91304348, 66.95652174,
       54.10628019, 54.02173913, 52.79503106, 53.76811594, 59.13043478,
       64.34782609, 65.50724638, 59.56521739, 66.95652174, 53.71980676,
       52.39130435, 54.28571429, 56.8115942 , 62.26086957, 61.08695652,
       62.89855072, 71.30434783, 70.43478261, 57.48792271, 52.82608696,
       55.90062112, 52.46376812, 60.86956522, 61.08695652, 70.43478261,
       69.56521739, 62.60869565, 56.23188406, 54.02173913, 54.9068323 ,
       54.92753623, 63.30434783, 60.65217391, 66.08695652, 69.13043478,
       72.17391304, 53.91304348, 50.86956522, 47.45341615, 52.02898551,
       60.        , 59.34782609, 64.92753623, 63.04347826, 64.34782609]), array([55.36231884, 53.15217391, 61.36645963, 60.72463768, 63.13043478,
       65.43478261, 71.88405797, 67.82608696, 67.82608696, 59.3236715 ,
       53.26086957, 58.38509317, 66.37681159, 61.39130435, 67.39130435,
       69.56521739, 70.        , 73.91304348, 51.5942029 , 55.65217391,
       59.13043478, 66.08695652, 61.2173913 , 65.86956522, 68.4057971 ,
       71.30434783, 72.17391304, 62.41545894, 52.60869565, 60.2484472 ,
       63.47826087, 64.34782609, 65.65217391, 66.66666667, 69.13043478,
       68.69565217, 52.75362319, 49.7826087 , 57.88819876, 65.50724638,
       66.26086957, 68.91304348, 70.14492754, 67.82608696, 64.34782609,
       57.10144928, 52.5       , 58.01242236, 63.33333333, 62.95652174,
       67.60869565, 69.85507246, 67.39130435, 66.95652174, 60.77294686,
       50.10869565, 62.23602484, 64.7826087 , 65.56521739, 71.08695652,
       71.5942029 , 72.60869565, 73.91304348, 55.55555556, 53.15217391,
       60.1242236 , 62.17391304, 64.86956522, 66.95652174, 70.14492754,
       70.43478261, 66.08695652, 56.03864734, 51.30434783, 60.62111801,
       62.31884058, 66.26086957, 66.52173913, 71.30434783, 69.56521739,
       67.82608696, 54.58937198, 52.06521739, 53.41614907, 61.5942029 ,
       63.65217391, 66.95652174, 65.50724638, 65.65217391, 70.43478261]), array([57.77777778, 55.65217391, 60.37267081, 60.72463768, 66.26086957,
       66.30434783, 68.11594203, 64.34782609, 68.69565217, 56.61835749,
       57.17391304, 55.1552795 , 63.76811594, 63.47826087, 62.60869565,
       65.79710145, 68.69565217, 76.52173913, 51.30434783, 50.32608696,
       57.26708075, 66.95652174, 61.91304348, 63.91304348, 68.4057971 ,
       70.86956522, 66.95652174, 53.04347826, 52.5       , 60.62111801,
       61.73913043, 64.52173913, 63.04347826, 71.5942029 , 70.        ,
       70.43478261, 56.03864734, 55.54347826, 61.11801242, 62.60869565,
       64.52173913, 70.        , 67.24637681, 63.04347826, 68.69565217,
       51.88405797, 51.73913043, 58.88198758, 59.71014493, 66.26086957,
       65.        , 68.69565217, 73.04347826, 67.82608696, 54.49275362,
       55.32608696, 58.26086957, 64.05797101, 65.39130435, 69.13043478,
       70.43478261, 68.69565217, 70.43478261, 53.81642512, 52.5       ,
       58.38509317, 64.63768116, 66.08695652, 68.26086957, 71.30434783,
       71.30434783, 66.95652174, 53.52657005, 52.82608696, 57.01863354,
       67.97101449, 66.26086957, 65.65217391, 71.88405797, 72.60869565,
       67.82608696, 54.00966184, 49.45652174, 59.8757764 , 63.76811594,
       68.69565217, 66.95652174, 65.79710145, 66.95652174, 68.69565217])]