[ 1.09819198  6.37390471 11.18933797 16.43150997 17.5152986  22.81835222
 26.56202745 34.43183231 33.62465024  1.05537987  6.46979427 12.24029064
 18.01982737 18.7617085  19.10623288 27.76183224 35.03402019 36.777246
  1.21565628  6.84089828 10.57105017 16.58679295 16.40096998 21.06540179
 23.10520077 32.26203871 34.94098973  1.06659818  5.37306714 12.23121095
 18.54541135 17.60000253 22.82796049 25.82580137 32.2370441  33.06440926
  1.16303706  7.51629925 11.41822219 18.647542   15.45471072 25.54212856
 30.14323139 33.31646967 32.00714755  1.06457877  6.11302137 11.13954926
 23.86971712 25.05432487 34.46871924 33.92896032 33.32218957 29.41765809
  0.62473059  3.11747217  5.45355105  8.49380684  7.86653137 11.00054812
 21.9780488  29.48348427 29.43463945  0.62732649  3.19088745  5.7764163
  7.8564682   7.7047286  10.12785125 12.32861328 15.14110208 15.40865612
  0.62546515  3.30311704  5.68584347  7.92943263  8.31862688 10.2582581
 13.21997833 14.94248509 14.8024714   0.62219143  3.22873902  5.65840983
  7.90411472  9.3945682  11.00055242 12.87804174 15.26463556 15.36344028]