[41.5322061  41.74797424 41.65800014 41.50569275 41.58727105 41.90399975
 41.66215939 41.71986025 41.46111198 41.67844006 41.99440656 41.34294557
 41.78010716 41.97648536 42.14624444 41.77862506 42.10397201 42.08523918
 42.15841571 41.28908348 41.68352416 41.65956323 41.85830283 42.15262321
 41.88448283 41.57865706 41.48436003 41.80902704 41.92168112 41.64491778
 41.80051299 41.83037217 41.95012469 41.88249262 42.41259789 41.54069675
 41.66820966 42.0195401  41.94680193 41.45229579 41.78373353 41.7603685
 41.44940866 41.78921986 42.11897836 41.62622834 42.02079115 41.74458909
 41.70590194 42.01603374 41.66715852 41.2397206  41.61394131 41.92386453
 41.89919865 41.89039208 41.62147991 41.91526257 41.63603089 41.8856987
 42.01440125 41.68310396 41.94207611 41.81949034 41.76386074 41.76429549
 41.76826505 41.78582472 41.63100379 42.32070203 41.7609404  42.0406419
 42.346948   41.92614841 41.9459385  41.96739865 42.05035383 42.03549983
 41.80998506 41.92959322 41.9560063  41.97475009 41.40374281 41.43525894
 41.83908593 41.88324914 42.26231407 41.8892442  41.85836289 42.00351609]