[58.45410628 53.91304348 53.29192547 55.07246377 55.30434783 62.17391304
 66.37681159 62.17391304 66.08695652 50.14492754 53.36956522 56.02484472
 57.82608696 59.47826087 60.65217391 63.1884058  63.91304348 66.95652174
 57.00483092 52.5        53.54037267 52.89855072 59.82608696 61.95652174
 65.2173913  61.73913043 60.86956522 61.73913043 52.7173913  50.31055901
 52.60869565 57.91304348 61.52173913 68.4057971  57.82608696 69.56521739
 56.42512077 51.30434783 53.29192547 58.26086957 60.69565217 60.
 61.44927536 63.91304348 73.91304348 56.23188406 53.47826087 48.57142857
 56.23188406 55.82608696 62.82608696 61.73913043 63.04347826 74.7826087
 56.52173913 54.45652174 50.43478261 54.49275362 60.86956522 58.26086957
 64.92753623 69.56521739 55.65217391 51.98067633 49.34782609 55.52795031
 55.65217391 60.86956522 57.39130435 60.86956522 67.39130435 71.30434783
 58.16425121 54.67391304 52.04968944 54.05797101 60.52173913 63.69565217
 61.73913043 64.7826087  64.34782609 55.26570048 57.60869565 54.03726708
 53.1884058  56.17391304 62.60869565 63.47826087 67.39130435 72.17391304]