[56.42512077 53.04347826 58.26086957 62.75362319 66.26086957 66.08695652
 68.98550725 66.95652174 65.2173913  51.78743961 52.5        60.37267081
 65.36231884 68.17391304 67.39130435 69.85507246 69.56521739 75.65217391
 57.48792271 54.45652174 62.98136646 62.89855072 65.91304348 63.69565217
 71.01449275 69.56521739 63.47826087 59.71014493 53.58695652 58.38509317
 66.52173913 66.60869565 67.60869565 67.24637681 67.39130435 71.30434783
 55.94202899 52.39130435 57.88819876 65.94202899 67.47826087 66.30434783
 67.53623188 66.08695652 71.30434783 57.19806763 54.23913043 56.39751553
 61.30434783 64.69565217 66.30434783 70.72463768 67.39130435 73.04347826
 54.49275362 55.         59.37888199 65.07246377 65.39130435 69.34782609
 63.76811594 66.52173913 70.43478261 50.72463768 51.52173913 57.26708075
 63.33333333 65.04347826 67.39130435 64.92753623 70.         73.04347826
 57.29468599 55.         59.50310559 64.34782609 67.30434783 67.17391304
 68.98550725 67.39130435 64.34782609 54.20289855 55.76086957 52.04968944
 64.92753623 62.95652174 65.         67.24637681 73.04347826 73.91304348]