[0.05523109 0.0679419  0.12046003 0.18678308 0.37133217 0.38336611
 0.39539623 0.34887099 0.74069047 0.09172606 0.07247329 0.11406016
 0.22021437 0.46674156 0.39827871 0.29991508 0.38861465 0.52632093
 0.05075598 0.0573957  0.1963768  0.18652797 0.33336639 0.39755177
 0.20391107 0.3447125  0.45252347 0.02885938 0.16108608 0.22769046
 0.28629613 0.39001989 0.2960887  0.25425124 0.45612454 0.58703232
 0.08054805 0.21048284 0.20367312 0.2951901  0.44535756 0.49293303
 0.2664144  0.46833301 0.44541526 0.0642755  0.10838532 0.20820951
 0.22675681 0.27329397 0.26669216 0.32856202 0.26628232 0.28006101
 0.02703714 0.14367652 0.14522243 0.15570688 0.27613831 0.22581816
 0.26605821 0.22863579 0.44187331 0.06959915 0.19072914 0.10301185
 0.09001136 0.17170382 0.22633696 0.12736082 0.17308116 0.28485727
 0.02674627 0.07243466 0.0813787  0.09306216 0.2996738  0.14823627
 0.12831283 0.15198112 0.20974493 0.02502775 0.05433536 0.08295012
 0.11844969 0.20031476 0.11603904 0.12979984 0.15097809 0.23408818]