[0.05704856 0.09443593 0.08148313 0.16497946 0.26653385 0.4524219
 0.40503883 0.60620022 0.5300355  0.06665874 0.18670511 0.18206692
 0.1663413  0.16367722 0.38113689 0.25384116 0.38177729 0.34619379
 0.02845693 0.06788087 0.2056601  0.20429993 0.24051261 0.33156252
 0.24774647 0.33778    0.34220433 0.0344975  0.18797731 0.21527791
 0.22132325 0.28571033 0.8313942  0.20150542 0.42343879 0.51075077
 0.090487   0.18713856 0.30607867 0.3809669  0.29790354 0.63478899
 0.45629239 0.48279524 0.66778779 0.05600905 0.16138291 0.17758942
 0.27664542 0.13349843 0.18436599 0.20404291 0.21831608 0.32249141
 0.05943608 0.17408633 0.11364937 0.16963005 0.28337908 0.20578361
 0.23422527 0.22921681 0.35027146 0.06468844 0.11073709 0.07206392
 0.10097718 0.10495424 0.1575923  0.13198018 0.15370607 0.17818999
 0.02726722 0.05254078 0.07493472 0.10422707 0.10640478 0.12855268
 0.13146138 0.19166398 0.16063213 0.02624488 0.05376887 0.0742445
 0.10135984 0.10659122 0.23905158 0.16969562 0.15304112 0.18853545]