[51.62386457  5.57024047  3.91968535  3.76026474  3.62450757  3.59700597
  3.59754189  3.64109209  3.57990408 51.82646643  6.07122569  4.10721308
  3.86623202  3.85860989  3.69981378  3.53853118  3.59231503  3.33332664
 51.59714439  5.77018657  4.16713933  3.89183101  3.79782509  3.47498303
  3.58451444  3.7600473   3.60961449 51.60264128  5.73938561  4.04495412
  3.72345135  3.81655765  3.71872145  3.78887325  3.35185429  3.49224414
 51.29984835  5.95544105  4.30808258  3.75679121  3.80916182  3.94241445
  3.58364622  3.54691882  3.28671495 51.49340022  6.11758256  4.29002811
  3.86137918  3.84233386  3.79161082  3.79549097  3.5995728   3.37531766
 51.51590739  5.7400772   4.08635232  3.78273924  3.84001594  3.66069821
  3.19885451  3.32800113  3.45716859 52.09014017  5.97764312  4.17247797
  3.914634    3.84246282  3.63410577  3.47297441  3.5101469   3.43142411
 51.61467459  5.87618009  4.1728439   3.94226009  3.60387672  3.46084731
  3.48840921  3.62693449  3.42127614 51.82827924  5.77255338  4.12462111
  3.66048622  3.7810915   3.67917979  3.70091254  3.66523417  3.58933426]