[56.71497585 54.34782609 60.74534161 64.05797101 64.86956522 67.39130435
 69.56521739 69.13043478 70.43478261 57.19806763 53.15217391 59.13043478
 64.92753623 65.56521739 68.47826087 67.82608696 68.69565217 72.17391304
 54.39613527 50.54347826 64.22360248 62.17391304 68.17391304 70.
 65.79710145 67.82608696 62.60869565 57.39130435 50.43478261 57.76397516
 64.34782609 65.91304348 65.43478261 70.14492754 66.08695652 75.65217391
 56.1352657  52.93478261 59.62732919 64.05797101 64.52173913 65.65217391
 69.85507246 67.39130435 67.82608696 54.97584541 52.17391304 52.42236025
 63.91304348 65.04347826 65.65217391 65.50724638 66.08695652 73.91304348
 55.36231884 55.97826087 59.50310559 63.91304348 66.43478261 67.39130435
 67.53623188 70.43478261 67.82608696 54.58937198 49.89130435 58.88198758
 61.30434783 62.60869565 65.43478261 63.76811594 66.08695652 68.69565217
 58.647343   54.02173913 60.37267081 58.55072464 67.82608696 68.47826087
 67.53623188 69.56521739 64.34782609 56.23188406 53.26086957 53.04347826
 64.34782609 62.7826087  64.13043478 67.24637681 70.         77.39130435]