[array([ 86.55913978,  95.18072289,  92.4137931 ,  95.16129032,
        97.08737864,  95.18072289,  95.16129032,  87.80487805,
        85.71428571,  93.01075269,  87.34939759,  89.65517241,
        96.77419355,  96.11650485,  97.59036145,  95.16129032,
        90.24390244,  95.23809524,  86.02150538,  87.95180723,
        92.4137931 ,  96.77419355,  97.08737864,  93.97590361,
        95.16129032,  92.68292683, 100.        ,  84.94623656,
        94.57831325,  95.17241379,  94.35483871,  96.11650485,
        95.18072289, 100.        ,  87.80487805,  95.23809524,
        97.31182796,  93.97590361,  95.86206897,  94.35483871,
        90.29126214,  95.18072289,  96.77419355,  97.56097561,
        95.23809524,  94.08602151,  95.18072289,  93.79310345,
        97.58064516,  91.26213592,  98.79518072,  95.16129032,
        87.80487805,  90.47619048,  89.24731183,  95.78313253,
        88.27586207,  95.96774194,  93.2038835 ,  93.97590361,
        98.38709677, 100.        , 100.        ,  86.02150538,
        89.75903614,  86.89655172,  96.77419355,  96.11650485,
        95.18072289, 100.        ,  97.56097561,  95.23809524,
        84.94623656,  87.34939759,  93.79310345,  94.35483871,
        93.2038835 ,  97.59036145,  95.16129032, 100.        ,
        95.23809524,  74.7311828 ,  87.34939759,  88.27586207,
        94.35483871,  94.17475728, 100.        ,  91.93548387,
        90.24390244, 100.        ]), array([ 86.02150538,  90.96385542,  93.10344828,  95.96774194,
        97.08737864,  89.15662651,  96.77419355,  90.24390244,
        80.95238095,  91.93548387,  84.3373494 ,  88.27586207,
        95.16129032,  94.17475728,  93.97590361,  95.16129032,
        92.68292683,  95.23809524,  88.17204301,  89.15662651,
        90.34482759,  95.96774194,  95.14563107,  92.77108434,
        93.5483871 ,  92.68292683,  95.23809524,  84.40860215,
        95.18072289,  94.48275862,  94.35483871,  92.23300971,
        95.18072289,  96.77419355,  85.36585366,  95.23809524,
        93.5483871 ,  95.18072289,  95.17241379,  94.35483871,
        90.29126214,  92.77108434,  93.5483871 ,  92.68292683,
        85.71428571,  88.70967742,  91.56626506,  92.4137931 ,
        96.77419355,  94.17475728,  96.38554217,  91.93548387,
        92.68292683,  85.71428571,  86.02150538,  94.57831325,
        84.82758621,  92.74193548,  92.23300971,  92.77108434,
        96.77419355,  95.12195122,  95.23809524,  87.6344086 ,
        90.36144578,  88.27586207,  94.35483871,  90.29126214,
        87.95180723,  93.5483871 ,  95.12195122, 100.        ,
        79.03225806,  86.14457831,  89.65517241,  93.5483871 ,
        94.17475728,  95.18072289,  90.32258065, 100.        ,
        90.47619048,  78.49462366,  90.36144578,  93.79310345,
        97.58064516,  92.23300971,  96.38554217,  91.93548387,
        85.36585366, 100.        ]), array([88.17204301, 83.13253012, 69.65517241, 87.90322581, 89.32038835,
       95.18072289, 93.5483871 , 87.80487805, 90.47619048, 94.62365591,
       87.34939759, 68.96551724, 86.29032258, 88.34951456, 97.59036145,
       93.5483871 , 95.12195122, 95.23809524, 86.55913978, 77.10843373,
       63.44827586, 91.93548387, 93.2038835 , 89.15662651, 93.5483871 ,
       87.80487805, 85.71428571, 84.94623656, 85.54216867, 67.5862069 ,
       82.25806452, 85.4368932 , 85.54216867, 91.93548387, 82.92682927,
       85.71428571, 94.08602151, 81.92771084, 64.13793103, 89.51612903,
       88.34951456, 91.56626506, 87.09677419, 87.80487805, 95.23809524,
       94.08602151, 89.75903614, 75.86206897, 83.87096774, 80.58252427,
       91.56626506, 93.5483871 , 95.12195122, 85.71428571, 86.55913978,
       86.74698795, 64.13793103, 93.5483871 , 90.29126214, 86.74698795,
       93.5483871 , 90.24390244, 85.71428571, 85.48387097, 86.74698795,
       71.72413793, 87.09677419, 91.26213592, 89.15662651, 93.5483871 ,
       95.12195122, 95.23809524, 82.25806452, 87.34939759, 63.44827586,
       79.83870968, 94.17475728, 89.15662651, 93.5483871 , 97.56097561,
       85.71428571, 77.41935484, 84.3373494 , 63.44827586, 79.83870968,
       86.40776699, 96.38554217, 85.48387097, 95.12195122, 95.23809524])]