[80.64516129  88.55421687  93.79310345  97.58064516  96.11650485
  93.97590361  96.77419355  92.68292683  95.23809524  83.33333333
  92.77108434  96.55172414  91.93548387  89.32038835  92.77108434
  93.5483871   92.68292683  95.23809524  86.02150538  90.96385542
  93.79310345  92.74193548  90.29126214  98.79518072 100.
  95.12195122  90.47619048  89.24731183  95.18072289  92.4137931
  93.5483871   94.17475728  93.97590361  95.16129032 100.
  95.23809524  86.55913978  92.77108434  92.4137931   96.77419355
  91.26213592  97.59036145  91.93548387  97.56097561  85.71428571
  84.40860215  85.54216867  92.4137931   97.58064516  91.26213592
  95.18072289  95.16129032  90.24390244  90.47619048  86.55913978
  93.97590361  93.10344828  97.58064516  97.08737864  89.15662651
  95.16129032  87.80487805  90.47619048  85.48387097  83.13253012
  92.4137931   95.16129032  98.05825243  98.79518072  98.38709677
  92.68292683  90.47619048  91.93548387  91.56626506  93.10344828
  95.96774194  96.11650485  96.38554217 100.          95.12195122
  80.95238095  76.34408602  89.15662651  92.4137931   93.5483871
  95.14563107  93.97590361  90.32258065  92.68292683  90.47619048]