[90.17504885 89.75401835 89.89450272 90.42598566 89.74060776 90.07810993
 90.84266063 19.8655797  19.98079694 89.88546339 90.27368873 90.13807116
 89.85635974 90.3044954  90.74024977 90.30764752 19.12757803 20.19061858
 90.71262899 90.37068495 89.9570363  90.27796101 89.96201208 90.22531337
 90.33463757 19.41431317 19.65449773 90.31829315 90.9425522  90.0811482
 89.99730293 90.16438707 90.15222358 90.23502125 19.49579907 20.10894977
 90.31143649 90.55706283 90.3079506  90.29349285 90.43026257 90.19746626
 90.2609072  19.11257033 19.69997422 90.32718993 90.32628618 90.08884048
 90.09122449 89.74132891 90.30397951 90.43394586 20.53867462 19.37651734
 90.07507328 89.96039535 89.9548604  90.09466582 90.1116658  90.14060688
 90.54487369 19.38178685 19.70810328 90.19533691 90.18268425 89.48255918
 90.18380824 90.127906   89.85729794 90.65478735 19.58887353 19.88802066
 90.59245688 89.87867822 90.26794514 90.06080913 89.71716016 90.15964523
 90.07966031 19.97526616 19.21655837 90.36388553 90.80778516 90.334534
 90.05732008 90.31058536 90.39743346 90.04744997 19.38927076 19.0208709 ]