[ 3.29593778  3.12214637  3.36259723  3.34908366  3.33592105  3.13310695
  3.35502481 10.91278863 10.56803727  3.37941027  3.2566998   3.26896095
  3.37012458  3.42207289  3.3882587   3.43153024 10.41956139 10.66582179
  3.30648732  2.15078402  2.40424252  2.14578843  2.28022099  2.01671147
  3.12183595  7.74761081  6.75084448  3.08810329  2.1576972   2.17713356
  2.29613829  3.29961872  3.43637419  3.26593971 10.45322418 10.72930789
  3.36644244  3.17027211  3.39539981  3.37302423  3.47833204  3.56766295
  3.13266873 10.27556229 10.34306979  2.85889578  3.28563309  3.37774587
  3.4533639   3.39352059  3.52326965  2.68922639 10.37680387 11.40757918
  3.36131024  3.38148069  3.40276074  3.48001075  3.44733906  3.21888971
  3.25392079 10.51134992 11.29432416  3.41446662  3.36983275  3.37408996
  3.18164778  3.35167789  3.46922469  3.67252803 10.51664495 10.61615515
  3.36551929  3.46792603  3.00503635  3.37174296  3.53118658  3.6881218
  3.44946265 10.13503194 11.90330482  3.28753066  3.41725183  3.35920262
  3.49807167  3.5875771   3.63116217  3.09894514 10.06358695 10.53574657]