[86.02150538  90.96385542  93.10344828  95.96774194  97.08737864
  89.15662651  96.77419355  90.24390244  80.95238095  91.93548387
  84.3373494   88.27586207  95.16129032  94.17475728  93.97590361
  95.16129032  92.68292683  95.23809524  88.17204301  89.15662651
  90.34482759  95.96774194  95.14563107  92.77108434  93.5483871
  92.68292683  95.23809524  84.40860215  95.18072289  94.48275862
  94.35483871  92.23300971  95.18072289  96.77419355  85.36585366
  95.23809524  93.5483871   95.18072289  95.17241379  94.35483871
  90.29126214  92.77108434  93.5483871   92.68292683  85.71428571
  88.70967742  91.56626506  92.4137931   96.77419355  94.17475728
  96.38554217  91.93548387  92.68292683  85.71428571  86.02150538
  94.57831325  84.82758621  92.74193548  92.23300971  92.77108434
  96.77419355  95.12195122  95.23809524  87.6344086   90.36144578
  88.27586207  94.35483871  90.29126214  87.95180723  93.5483871
  95.12195122 100.          79.03225806  86.14457831  89.65517241
  93.5483871   94.17475728  95.18072289  90.32258065 100.
  90.47619048  78.49462366  90.36144578  93.79310345  97.58064516
  92.23300971  96.38554217  91.93548387  85.36585366 100.]