[87.6344086   90.36144578  95.86206897  93.5483871   98.05825243
  96.38554217  93.5483871   90.24390244  95.23809524  82.25806452
  93.37349398  97.24137931  93.5483871   94.17475728  93.97590361
 100.          97.56097561 100.          89.24731183  89.15662651
  95.17241379  95.96774194  89.32038835  98.79518072  98.38709677
  87.80487805 100.          90.86021505  95.18072289  93.10344828
  93.5483871   94.17475728  97.59036145  93.5483871   95.12195122
 100.          85.48387097  93.97590361  93.79310345  94.35483871
  94.17475728  97.59036145  96.77419355  97.56097561  90.47619048
  84.94623656  86.74698795  93.10344828  97.58064516  94.17475728
  90.36144578  93.5483871   95.12195122  90.47619048  86.55913978
  93.37349398  96.55172414  97.58064516  94.17475728  95.18072289
  98.38709677  97.56097561  85.71428571  83.33333333  81.92771084
  95.17241379  99.19354839  91.26213592  98.79518072  90.32258065
  95.12195122  95.23809524  89.24731183  92.77108434  93.79310345
  98.38709677  96.11650485  97.59036145 100.          97.56097561
  95.23809524  77.95698925  92.1686747   93.10344828  93.5483871
  94.17475728  97.59036145  95.16129032  97.56097561 100.        ]