[71.60770839 71.80685773 72.08484283 72.17369202 72.24917416 72.29104686
 72.2090958  71.76666921 72.10974429 71.91336951 71.6417646  71.72116894
 71.84085359 71.94236822 71.89243401 72.0558028  72.24052938 72.18327559
 71.74333684 71.68646447 72.03116719 72.23225673 71.79168684 71.78611567
 71.61882313 71.84962987 71.63692265 71.93012543 71.4295789  72.01889756
 71.65419628 71.7232282  72.00280062 72.11136032 72.03798229 72.3797212
 72.1841326  71.67589186 71.96348102 72.02258922 72.19277739 72.26513721
 71.79993625 72.2921161  71.68518651 71.57712085 71.74962182 72.25295908
 72.06721621 71.38662296 71.9985851  71.98910141 72.07892373 71.88938574
 72.15465909 71.93949347 71.94936393 71.85377317 71.92063815 71.77496382
 72.4708922  72.0146125  71.57487004 71.90258395 72.11757106 72.17402185
 71.86013312 71.90882385 72.31760894 71.80723378 71.94694845 71.96782604
 71.89984795 71.815734   71.9062889  72.24287694 71.62877483 72.03848835
 71.89013599 71.8659286  71.62402653 72.00157302 72.15303167 72.3303857
 71.37761272 72.11372032 72.12189317 72.2167034  72.00509011 71.83598471]