[0.02804375 0.04065132 0.03416586 0.05536819 0.03982663 0.06267786
 0.04082561 0.09336209 0.10690331 0.01512551 0.02697682 0.02922821
 0.10797167 0.12821889 0.14812541 0.14497113 0.1868031  0.06929755
 0.00625038 0.01822925 0.01363611 0.05776906 0.06987786 0.1062994
 0.1085186  0.17041969 0.06280446 0.04504275 0.04519272 0.04555559
 0.02037907 0.11307144 0.10467339 0.06844306 0.17075038 0.21143413
 0.00484467 0.01584172 0.04833102 0.06289363 0.04846096 0.12452769
 0.14632511 0.08848882 0.05721402 0.00475645 0.00894213 0.03144288
 0.02350354 0.05147219 0.13333201 0.07375383 0.10751653 0.06198192
 0.00472116 0.02745318 0.01371884 0.02568269 0.04376578 0.06518602
 0.04408121 0.0709765  0.09281039 0.00510669 0.03833556 0.01569223
 0.02272606 0.05735135 0.0377028  0.07099724 0.11767769 0.09297633
 0.00499606 0.02251458 0.0412035  0.02053475 0.06446981 0.0437572
 0.0480969  0.06732297 0.0747695  0.00537562 0.02267599 0.01999211
 0.02396798 0.0565474  0.03765059 0.06915259 0.05426455 0.071877  ]