[0.03944874 0.05352592 0.04998899 0.07230067 0.03032684 0.10811281
 0.17917132 0.13494229 0.11563921 0.04288626 0.05845857 0.05211043
 0.05651259 0.08605266 0.14817429 0.10394526 0.11882496 0.06320834
 0.00709724 0.02876687 0.0221169  0.06924653 0.06220245 0.09806442
 0.12374783 0.15592599 0.22335911 0.02414775 0.06582594 0.06629324
 0.11715698 0.03183031 0.11352468 0.11238623 0.0921607  0.19413638
 0.0211904  0.01825428 0.03576922 0.07884717 0.04745197 0.11982179
 0.2028389  0.15219307 0.06295347 0.01712251 0.0131495  0.01742816
 0.05622125 0.06757689 0.08466697 0.07960773 0.07688546 0.08038855
 0.00623155 0.02561212 0.02436876 0.02100515 0.03074384 0.05529666
 0.05284858 0.10135722 0.0734055  0.00661039 0.05225515 0.03055239
 0.02064157 0.04148841 0.04549408 0.0497458  0.0765543  0.08383536
 0.00642967 0.02513909 0.01406741 0.03885341 0.05794024 0.04649401
 0.04502654 0.05087805 0.08534002 0.02267575 0.01046586 0.02714086
 0.05345511 0.05792904 0.05841756 0.16329765 0.17602515 0.18384051]