[array([69.00966184, 92.79891304, 95.71428571, 97.13768116, 97.95652174,
       99.02173913, 98.84057971, 99.23913043, 99.56521739, 74.58937198,
       92.11956522, 96.49068323, 96.73913043, 97.26086957, 98.69565217,
       98.11594203, 98.91304348, 98.91304348, 74.05797101, 93.15217391,
       96.64596273, 96.26811594, 97.56521739, 98.64130435, 98.98550725,
       99.02173913, 97.82608696, 69.80676329, 92.06521739, 96.39751553,
       96.88405797, 98.        , 98.75      , 98.98550725, 97.60869565,
       98.04347826, 75.82125604, 91.16847826, 96.73913043, 97.24637681,
       97.47826087, 98.80434783, 98.98550725, 98.91304348, 99.7826087 ,
       73.1884058 , 93.85869565, 95.86956522, 97.2826087 , 97.65217391,
       98.31521739, 99.20289855, 98.04347826, 98.04347826, 73.69565217,
       92.36413043, 95.55900621, 96.95652174, 97.17391304, 98.9673913 ,
       99.34782609, 99.13043478, 97.60869565, 68.74396135, 92.5       ,
       96.55279503, 97.17391304, 97.17391304, 98.91304348, 98.69565217,
       98.15217391, 99.34782609, 77.39130435, 91.79347826, 96.49068323,
       97.24637681, 97.7826087 , 98.58695652, 98.98550725, 98.69565217,
       99.34782609, 71.8115942 , 93.94021739, 95.74534161, 97.31884058,
       96.7826087 , 98.91304348, 98.84057971, 97.7173913 , 99.34782609]), array([90.53140097, 96.44021739, 96.98757764, 98.11594203, 98.13043478,
       98.42391304, 98.55072464, 97.2826087 , 98.47826087, 91.06280193,
       95.89673913, 97.23602484, 98.33333333, 97.91304348, 97.98913043,
       97.53623188, 98.69565217, 98.04347826, 89.5410628 , 95.54347826,
       97.63975155, 96.95652174, 97.82608696, 97.82608696, 98.04347826,
       98.47826087, 97.17391304, 90.07246377, 95.92391304, 97.70186335,
       97.75362319, 98.43478261, 98.20652174, 98.1884058 , 96.95652174,
       97.60869565, 92.36714976, 96.14130435, 96.92546584, 97.78985507,
       97.60869565, 98.47826087, 98.11594203, 98.80434783, 98.91304348,
       91.47342995, 96.41304348, 97.39130435, 98.04347826, 97.73913043,
       97.77173913, 98.04347826, 97.93478261, 97.60869565, 90.9178744 ,
       96.52173913, 97.54658385, 98.00724638, 96.95652174, 98.31521739,
       97.68115942, 98.15217391, 98.04347826, 91.66666667, 96.14130435,
       97.60869565, 98.00724638, 97.52173913, 98.26086957, 98.11594203,
       98.58695652, 98.91304348, 91.23188406, 96.35869565, 97.29813665,
       97.13768116, 98.26086957, 97.77173913, 98.33333333, 98.15217391,
       99.13043478, 91.61835749, 96.27717391, 97.70186335, 97.64492754,
       97.30434783, 98.04347826, 97.75362319, 97.7173913 , 98.69565217]), array([90.6763285 , 96.90217391, 96.89440994, 98.1884058 , 98.04347826,
       98.5326087 , 98.1884058 , 97.5       , 98.69565217, 93.647343  ,
       95.67934783, 96.98757764, 98.26086957, 97.91304348, 98.09782609,
       97.53623188, 98.26086957, 98.26086957, 88.98550725, 95.8423913 ,
       97.60869565, 97.24637681, 97.95652174, 97.88043478, 98.55072464,
       97.82608696, 98.04347826, 90.33816425, 96.0326087 , 97.45341615,
       97.17391304, 97.7826087 , 97.66304348, 97.97101449, 96.95652174,
       97.60869565, 91.85990338, 95.92391304, 97.91925466, 97.5       ,
       98.        , 98.31521739, 98.1884058 , 98.80434783, 98.69565217,
       89.83091787, 95.54347826, 96.80124224, 98.00724638, 97.65217391,
       97.55434783, 97.82608696, 97.2826087 , 98.26086957, 90.24154589,
       96.54891304, 96.95652174, 97.2826087 , 97.47826087, 98.26086957,
       98.11594203, 98.04347826, 97.17391304, 92.60869565, 95.65217391,
       97.70186335, 97.2826087 , 97.82608696, 98.58695652, 98.11594203,
       98.47826087, 98.69565217, 91.25603865, 95.92391304, 97.54658385,
       97.5       , 97.7826087 , 97.93478261, 97.75362319, 98.47826087,
       98.69565217, 90.86956522, 96.52173913, 97.23602484, 97.60869565,
       97.73913043, 97.82608696, 98.11594203, 97.5       , 98.47826087])]