[5.2297425  4.72534266 4.63492515 4.58276003 4.65302146 4.5781981
 4.42552149 4.34919751 4.65757827 5.13414649 4.83033352 4.58622487
 4.6763672  4.54615849 4.63715742 4.4866481  4.64448762 4.42495424
 5.26657269 4.81500491 4.78207836 4.61394047 4.47125874 4.51262726
 4.66295239 4.57481201 4.38720648 5.18721466 4.52020447 4.69324937
 4.65836589 4.95970483 4.56302774 4.27157974 4.41764513 4.49304813
 5.18904397 4.64312932 4.67044614 4.76703169 4.83326584 4.66348376
 4.65152493 4.66557255 4.51315168 5.33734513 4.75900288 4.71266138
 4.77986345 4.767661   4.55502256 4.82464363 4.83113437 4.41309844
 5.3277695  4.70578986 4.71920048 4.66570883 4.88162062 4.59944853
 4.41624195 4.46543615 4.41006918 5.41120465 4.75278994 4.64893114
 4.55678604 4.48888428 4.72436179 4.47381485 4.37111103 4.62907298
 5.1227813  4.94729482 4.75364179 4.68069899 4.92891689 4.77412644
 4.57118254 4.58302391 4.25298263 5.32488863 4.75670618 4.70269592
 4.79647768 4.52025478 4.73440619 4.45207527 4.71691645 4.50777362]