[69.94286452 69.79908806 70.5299865  70.1878494  70.52064349 70.095098
 69.81235087 69.9953673  70.09837879 70.37512037 69.62183966 69.99204321
 69.99047613 69.79211581 70.16984858 70.00417074 69.91209121 70.17326243
 70.06817742 70.32318453 70.32354987 69.82980538 69.91738889 69.65566712
 69.70556088 70.04624389 70.31995411 70.12638235 70.39199592 69.69176281
 70.04080348 69.97245168 70.02034553 70.31144451 70.39870558 70.37229962
 70.11315902 69.94384665 70.2874317  70.55482837 70.1201394  70.13571438
 70.16585257 70.05385791 70.1861879  70.03806747 70.26826798 70.21338586
 69.93039423 70.28671141 70.28665323 70.54883989 70.39643673 70.07213976
 70.07019756 69.87366636 70.1404273  70.06599217 70.0381136  70.07960287
 70.00966916 69.96267918 70.19069685 70.37361906 70.50623035 70.33966495
 70.45946588 70.29400196 70.54485004 70.3775986  69.71210399 70.03471925
 70.16421012 70.14300412 69.41975885 69.44195711 69.80397878 70.47473974
 69.78526076 69.87775696 70.28026269 70.34552738 69.92786408 70.27385298
 69.58479423 69.96992138 70.37766262 69.91914755 70.13260087 70.2196388 ]