[0.09239411 0.14949584 0.21291161 0.37728882 0.30273938 0.34980464
 0.40707135 0.46861553 0.60558462 0.12194419 0.1732173  0.30577421
 0.5132854  0.4565053  0.38588023 0.67495871 0.46517229 0.49197865
 0.12701726 0.16260242 0.21632934 0.26699495 0.30740547 0.34170938
 0.40908623 0.63169789 0.55252481 0.09519887 0.22777152 0.28126431
 0.26354527 0.3051827  0.38767505 0.42969632 0.48468041 0.52979779
 0.10991502 0.21757269 0.2180624  0.26675892 0.31459975 0.36283946
 0.42079496 0.47755122 0.52286911 0.0930891  0.14589715 0.22514606
 0.312567   0.31761694 0.36190534 0.40672565 0.77196693 0.54809761
 0.09573531 0.14291167 0.22975802 0.28546071 0.44312692 0.46119404
 0.41677427 0.490031   0.59479523 0.09470081 0.20170903 0.2323966
 0.41012192 0.36466837 0.37376165 0.46791792 0.50469756 0.5607934
 0.09223723 0.14125776 0.31895494 0.3041265  0.3352716  0.39236188
 0.44505072 0.82538462 1.09621906 0.27222323 0.21290636 0.41675878
 0.47482038 0.57914567 0.67115188 0.84064078 0.93432212 1.01915002]