[69.00966184 92.79891304 95.71428571 97.13768116 97.95652174 99.02173913
 98.84057971 99.23913043 99.56521739 74.58937198 92.11956522 96.49068323
 96.73913043 97.26086957 98.69565217 98.11594203 98.91304348 98.91304348
 74.05797101 93.15217391 96.64596273 96.26811594 97.56521739 98.64130435
 98.98550725 99.02173913 97.82608696 69.80676329 92.06521739 96.39751553
 96.88405797 98.         98.75       98.98550725 97.60869565 98.04347826
 75.82125604 91.16847826 96.73913043 97.24637681 97.47826087 98.80434783
 98.98550725 98.91304348 99.7826087  73.1884058  93.85869565 95.86956522
 97.2826087  97.65217391 98.31521739 99.20289855 98.04347826 98.04347826
 73.69565217 92.36413043 95.55900621 96.95652174 97.17391304 98.9673913
 99.34782609 99.13043478 97.60869565 68.74396135 92.5        96.55279503
 97.17391304 97.17391304 98.91304348 98.69565217 98.15217391 99.34782609
 77.39130435 91.79347826 96.49068323 97.24637681 97.7826087  98.58695652
 98.98550725 98.69565217 99.34782609 71.8115942  93.94021739 95.74534161
 97.31884058 96.7826087  98.91304348 98.84057971 97.7173913  99.34782609]