[90.53140097 96.44021739 96.98757764 98.11594203 98.13043478 98.42391304
 98.55072464 97.2826087  98.47826087 91.06280193 95.89673913 97.23602484
 98.33333333 97.91304348 97.98913043 97.53623188 98.69565217 98.04347826
 89.5410628  95.54347826 97.63975155 96.95652174 97.82608696 97.82608696
 98.04347826 98.47826087 97.17391304 90.07246377 95.92391304 97.70186335
 97.75362319 98.43478261 98.20652174 98.1884058  96.95652174 97.60869565
 92.36714976 96.14130435 96.92546584 97.78985507 97.60869565 98.47826087
 98.11594203 98.80434783 98.91304348 91.47342995 96.41304348 97.39130435
 98.04347826 97.73913043 97.77173913 98.04347826 97.93478261 97.60869565
 90.9178744  96.52173913 97.54658385 98.00724638 96.95652174 98.31521739
 97.68115942 98.15217391 98.04347826 91.66666667 96.14130435 97.60869565
 98.00724638 97.52173913 98.26086957 98.11594203 98.58695652 98.91304348
 91.23188406 96.35869565 97.29813665 97.13768116 98.26086957 97.77173913
 98.33333333 98.15217391 99.13043478 91.61835749 96.27717391 97.70186335
 97.64492754 97.30434783 98.04347826 97.75362319 97.7173913  98.69565217]