[ 10.55903339  19.16809821  28.0935061   37.73179245  57.46828175
  52.50737619  61.15274048  77.80935526  85.62237239  10.98269224
  20.47389722  28.49024415  37.08525229  48.49458814  62.29066086
  79.12473845  70.30862355  78.0244      10.35322428  19.03172874
  27.64075375  37.17718172  54.06509924  53.39337969  60.58929658
  69.83490944  84.27687788  10.842242    20.9019506   32.44623923
  41.67385983  45.33281541  51.20810103  65.61087537  71.09233403
  98.33527207  13.23939753  25.38752341  27.76150227  34.03932309
  42.45779657  49.14039803  57.05510974  64.40635562  73.28482699
   9.66592264  17.31047487  25.28190804  33.08749104  41.04002333
  48.97087884  57.56831551  76.42225027  86.0827322   10.2083056
  18.87419701  33.52865338  37.14190173  50.97962451  54.13179207
  65.83137655  67.00912714  79.32267618  10.80697417  19.11929798
  27.51498485  36.81848168  46.04304671  54.20633435  61.92333412
  74.91447234  80.57122564  11.21204448  19.06913733  26.83451796
  35.11797619  45.97771311  53.42922115  62.12813878 114.10709
 163.5198729   21.24444366  41.84226727  58.18014312  68.86407852
  86.19061518 102.40969276 122.66171837 139.17841148 190.81018829]