[[ 6.15108030e+13  6.15108030e+13  6.15108030e+13  6.15108030e+13
   6.15108030e+13  6.15108030e+13  6.15108030e+13  6.15108030e+13
   6.15108030e+13  6.15108030e+13  6.15108030e+13  6.15108030e+13
   6.15108030e+13  6.15108030e+13  6.15108030e+13  6.15108030e+13
   6.15108030e+13  6.15108030e+13  6.15108030e+13  6.15108030e+13
   6.15108030e+13  6.15108030e+13  6.15108030e+13  6.15108030e+13
   6.15108030e+13  6.15108030e+13  6.15108030e+13  6.15108030e+13
   6.15108030e+13  6.15108030e+13  6.15108030e+13  6.15108030e+13
   6.15108030e+13  6.15108030e+13  6.15108030e+13  6.15108030e+13
   6.15108030e+13  6.15108030e+13  6.15108030e+13  6.15108030e+13
   6.15108030e+13  6.15108030e+13  6.15108030e+13  6.15108030e+13
   6.15108030e+13  6.15108030e+13  6.15108030e+13  6.15108030e+13
   6.15108030e+13  6.15108030e+13  6.15108030e+13  6.15108030e+13
   6.15108030e+13  6.15108030e+13  6.15108030e+13  6.15108030e+13
   6.15108030e+13  6.15108030e+13  6.15108030e+13  6.15108030e+13
   6.15108030e+13  6.15108030e+13  6.15108030e+13  6.15108030e+13
   6.15108030e+13  6.15108030e+13  6.15108030e+13  6.15108030e+13
   6.15108030e+13  6.15108030e+13  6.15108030e+13  6.15108030e+13
   6.15108030e+13  6.15108030e+13  6.15108030e+13  6.15108030e+13
   6.15108030e+13  6.15108030e+13  6.15108030e+13  6.15108030e+13
   6.15108030e+13  6.15108030e+13  6.15108030e+13  6.15108030e+13
   6.15108030e+13  6.15108030e+13  6.15108030e+13  6.15108030e+13
   6.15108030e+13  6.15108030e+13  6.15108030e+13  6.15108030e+13
   6.15108030e+13  6.15108030e+13  6.15108030e+13  6.15108030e+13
   6.15108030e+13  6.15108030e+13  6.15108030e+13  6.15108030e+13
   6.15108030e+13  6.15108030e+13  6.15108030e+13  6.15108030e+13
   6.15108030e+13  6.15108030e+13  6.15108030e+13  6.15108030e+13
   6.15108030e+13  6.15108030e+13  6.15108030e+13  6.15108030e+13
   6.15108030e+13  6.15108030e+13  6.15108030e+13  6.15108030e+13
   6.15108030e+13  6.15108030e+13  6.15108030e+13  6.15108030e+13
   6.15108030e+13  6.15108030e+13  6.15108030e+13  6.15108030e+13
   6.15108030e+13  6.15108030e+13  6.15108030e+13  6.15108030e+13
   6.15108030e+13  6.15108030e+13  6.15108030e+13  6.15108030e+13
   6.15108030e+13  6.15108030e+13  6.15108030e+13  6.15108030e+13
   6.15108030e+13  6.15108030e+13  6.15108030e+13  6.15108030e+13
   6.15108030e+13  6.15108030e+13  6.15108030e+13  6.15108030e+13
   6.15108030e+13  6.15108030e+13  6.15108030e+13  6.15108030e+13
   6.15108030e+13  6.15108030e+13  6.15108030e+13  6.15108030e+13
   6.15108030e+13  6.15108030e+13  6.15108030e+13  6.15108030e+13
   6.15108030e+13  6.15108030e+13  6.15108030e+13  6.15108030e+13
   6.15108030e+13  6.15108030e+13  6.15108030e+13  6.15108030e+13
   6.15108030e+13  6.15108030e+13  6.15108030e+13  6.15108030e+13
   6.15108030e+13  6.15108030e+13  6.15108030e+13  6.15108030e+13
   6.15108030e+13  6.15108030e+13  6.15108030e+13  6.15108030e+13
   6.15108030e+13  6.15108030e+13  6.15108030e+13  6.15108030e+13
   6.15108030e+13  6.15108030e+13  6.15108030e+13  6.15108030e+13
   6.15108030e+13  6.15108030e+13  6.15108030e+13  6.15108030e+13
   6.15108030e+13  6.15108030e+13  6.15108030e+13  6.15108030e+13
   6.15108030e+13  6.15108030e+13  6.15108030e+13  6.15108030e+13
   6.15108030e+13  6.15108030e+13  6.15108030e+13  6.15108030e+13
   6.15108030e+13  6.15108030e+13  6.15108030e+13  6.15108030e+13
   6.15108030e+13  6.15108030e+13  6.15108030e+13  6.15108030e+13
   6.15108030e+13  6.15108030e+13  6.15108030e+13  6.15108030e+13
   6.15108030e+13  6.15108030e+13  6.15108030e+13  6.15108030e+13
   6.15108030e+13  6.15108030e+13  6.15108030e+13  6.15108030e+13
   6.15108030e+13  6.15108030e+13  6.15108030e+13  6.15108030e+13
   6.15108030e+13  6.15108030e+13  6.15108030e+13  6.15108030e+13
   6.15108030e+13  6.15108030e+13  6.15108030e+13  6.15108030e+13
   6.15108030e+13  6.15108030e+13  6.15108030e+13  6.15108030e+13
   6.15108030e+13  6.15108030e+13  6.15108030e+13  6.15108030e+13
   6.15108030e+13  6.15108030e+13  6.15108030e+13  6.15108030e+13
   6.15108030e+13  6.15108030e+13  6.15108030e+13  6.15108030e+13
   6.15108030e+13  6.15108030e+13  6.15108030e+13  6.15108030e+13
   6.15108030e+13  6.15108030e+13  6.15108030e+13  6.15108030e+13
   6.15108030e+13  6.15108030e+13  6.15108030e+13  6.15108030e+13
   6.15108030e+13  6.15108030e+13  6.15108030e+13  6.15108030e+13
   6.15108030e+13  6.15108030e+13  6.15108030e+13  6.15108030e+13
   6.15108030e+13  6.15108030e+13  6.15108030e+13  6.15108030e+13
   6.15108030e+13  6.15108030e+13  6.15108030e+13  6.15108030e+13
   6.15108030e+13  6.15108030e+13  6.15108030e+13  6.15108030e+13
   6.15108030e+13  6.15108030e+13  6.15108030e+13  6.15108030e+13
   6.15108030e+13  6.15108030e+13  6.15108030e+13  6.15108030e+13
   6.15108030e+13  6.15108030e+13  6.15108030e+13  6.15108030e+13
   6.15108030e+13  6.15108030e+13  6.15108030e+13  6.15108030e+13
   6.15108030e+13  6.15108030e+13  6.15108030e+13  6.15108030e+13
   6.15108030e+13  6.15108030e+13  6.15108030e+13  6.15108030e+13
   6.15108030e+13  6.15108030e+13  6.15108030e+13  6.15108030e+13
   6.15108030e+13  6.15108030e+13  6.15108030e+13  6.15108030e+13
   6.15108030e+13  6.15108030e+13  6.15108030e+13  6.15108030e+13
   6.15108030e+13  6.15108030e+13  6.15108030e+13  6.15108030e+13
   6.15108030e+13  6.15108030e+13  6.15108030e+13  6.15108030e+13
   6.15108030e+13  6.15108030e+13  6.15108030e+13  6.15108030e+13
   6.15108030e+13  6.15108030e+13  6.15108030e+13  6.15108030e+13
   6.15108030e+13  6.15108030e+13  6.15108030e+13  6.15108030e+13
   6.15108030e+13  6.15108030e+13  6.15108030e+13  6.15108030e+13
   6.15108030e+13  6.15108030e+13  6.15108030e+13  6.15108030e+13
   6.15108030e+13  6.15108030e+13  6.15108030e+13  6.15108030e+13
   6.15108030e+13  6.15108030e+13  6.15108030e+13  6.15108030e+13
   6.15108030e+13  6.15108030e+13  6.15108030e+13  6.15108030e+13
   6.15108030e+13  6.15108030e+13  6.15108030e+13  6.15108030e+13
   6.15108030e+13  6.15108030e+13  6.15108030e+13  6.15108030e+13
   6.15108030e+13  6.15108030e+13  6.15108030e+13  6.15108030e+13
   6.15108030e+13  6.15108030e+13  6.15108030e+13  6.15108030e+13
   6.15108030e+13  6.15108030e+13  6.15108030e+13  6.15108030e+13
   6.15108030e+13  6.15108030e+13  6.15108030e+13  6.15108030e+13
   6.15108030e+13  6.15108030e+13  6.15108030e+13  6.15108030e+13
   6.15108030e+13  6.15108030e+13  6.15108030e+13  6.15108030e+13
   6.15108030e+13  6.15108030e+13  6.15108030e+13  6.15108030e+13
   6.15108030e+13  6.15108030e+13  6.15108030e+13  6.15108030e+13
   6.15108030e+13  6.15108030e+13  6.15108030e+13  6.15108030e+13]
 [-5.03905269e+13 -5.03905269e+13 -5.03905269e+13 -5.03905269e+13
  -5.03905269e+13 -5.03905269e+13 -5.03905269e+13 -5.03905269e+13
  -5.03905269e+13 -5.03905269e+13 -5.03905269e+13 -5.03905269e+13
  -5.03905269e+13 -5.03905269e+13 -5.03905269e+13 -5.03905269e+13
  -5.03905269e+13 -5.03905269e+13 -5.03905269e+13 -5.03905269e+13
  -5.03905269e+13 -5.03905269e+13 -5.03905269e+13 -5.03905269e+13
  -5.03905269e+13 -5.03905269e+13 -5.03905269e+13 -5.03905269e+13
  -5.03905269e+13 -5.03905269e+13 -5.03905269e+13 -5.03905269e+13
  -5.03905269e+13 -5.03905269e+13 -5.03905269e+13 -5.03905269e+13
  -5.03905269e+13 -5.03905269e+13 -5.03905269e+13 -5.03905269e+13
  -5.03905269e+13 -5.03905269e+13 -5.03905269e+13 -5.03905269e+13
  -5.03905269e+13 -5.03905269e+13 -5.03905269e+13 -5.03905269e+13
  -5.03905269e+13 -5.03905269e+13 -5.03905269e+13 -5.03905269e+13
  -5.03905269e+13 -5.03905269e+13 -5.03905269e+13 -5.03905269e+13
  -5.03905269e+13 -5.03905269e+13 -5.03905269e+13 -5.03905269e+13
  -5.03905269e+13 -5.03905269e+13 -5.03905269e+13 -5.03905269e+13
  -5.03905269e+13 -5.03905269e+13 -5.03905269e+13 -5.03905269e+13
  -5.03905269e+13 -5.03905269e+13 -5.03905269e+13 -5.03905269e+13
  -5.03905269e+13 -5.03905269e+13 -5.03905269e+13 -5.03905269e+13
  -5.03905269e+13 -5.03905269e+13 -5.03905269e+13 -5.03905269e+13
  -5.03905269e+13 -5.03905269e+13 -5.03905269e+13 -5.03905269e+13
  -5.03905269e+13 -5.03905269e+13 -5.03905269e+13 -5.03905269e+13
  -5.03905269e+13 -5.03905269e+13 -5.03905269e+13 -5.03905269e+13
  -5.03905269e+13 -5.03905269e+13 -5.03905269e+13 -5.03905269e+13
  -5.03905269e+13 -5.03905269e+13 -5.03905269e+13 -5.03905269e+13
  -5.03905269e+13 -5.03905269e+13 -5.03905269e+13 -5.03905269e+13
  -5.03905269e+13 -5.03905269e+13 -5.03905269e+13 -5.03905269e+13
  -5.03905269e+13 -5.03905269e+13 -5.03905269e+13 -5.03905269e+13
  -5.03905269e+13 -5.03905269e+13 -5.03905269e+13 -5.03905269e+13
  -5.03905269e+13 -5.03905269e+13 -5.03905269e+13 -5.03905269e+13
  -5.03905269e+13 -5.03905269e+13 -5.03905269e+13 -5.03905269e+13
  -5.03905269e+13 -5.03905269e+13 -5.03905269e+13 -5.03905269e+13
  -5.03905269e+13 -5.03905269e+13 -5.03905269e+13 -5.03905269e+13
  -5.03905269e+13 -5.03905269e+13 -5.03905269e+13 -5.03905269e+13
  -5.03905269e+13 -5.03905269e+13 -5.03905269e+13 -5.03905269e+13
  -5.03905269e+13 -5.03905269e+13 -5.03905269e+13 -5.03905269e+13
  -5.03905269e+13 -5.03905269e+13 -5.03905269e+13 -5.03905269e+13
  -5.03905269e+13 -5.03905269e+13 -5.03905269e+13 -5.03905269e+13
  -5.03905269e+13 -5.03905269e+13 -5.03905269e+13 -5.03905269e+13
  -5.03905269e+13 -5.03905269e+13 -5.03905269e+13 -5.03905269e+13
  -5.03905269e+13 -5.03905269e+13 -5.03905269e+13 -5.03905269e+13
  -5.03905269e+13 -5.03905269e+13 -5.03905269e+13 -5.03905269e+13
  -5.03905269e+13 -5.03905269e+13 -5.03905269e+13 -5.03905269e+13
  -5.03905269e+13 -5.03905269e+13 -5.03905269e+13 -5.03905269e+13
  -5.03905269e+13 -5.03905269e+13 -5.03905269e+13 -5.03905269e+13
  -5.03905269e+13 -5.03905269e+13 -5.03905269e+13 -5.03905269e+13
  -5.03905269e+13 -5.03905269e+13 -5.03905269e+13 -5.03905269e+13
  -5.03905269e+13 -5.03905269e+13 -5.03905269e+13 -5.03905269e+13
  -5.03905269e+13 -5.03905269e+13 -5.03905269e+13 -5.03905269e+13
  -5.03905269e+13 -5.03905269e+13 -5.03905269e+13 -5.03905269e+13
  -5.03905269e+13 -5.03905269e+13 -5.03905269e+13 -5.03905269e+13
  -5.03905269e+13 -5.03905269e+13 -5.03905269e+13 -5.03905269e+13
  -5.03905269e+13 -5.03905269e+13 -5.03905269e+13 -5.03905269e+13
  -5.03905269e+13 -5.03905269e+13 -5.03905269e+13 -5.03905269e+13
  -5.03905269e+13 -5.03905269e+13 -5.03905269e+13 -5.03905269e+13
  -5.03905269e+13 -5.03905269e+13 -5.03905269e+13 -5.03905269e+13
  -5.03905269e+13 -5.03905269e+13 -5.03905269e+13 -5.03905269e+13
  -5.03905269e+13 -5.03905269e+13 -5.03905269e+13 -5.03905269e+13
  -5.03905269e+13 -5.03905269e+13 -5.03905269e+13 -5.03905269e+13
  -5.03905269e+13 -5.03905269e+13 -5.03905269e+13 -5.03905269e+13
  -5.03905269e+13 -5.03905269e+13 -5.03905269e+13 -5.03905269e+13
  -5.03905269e+13 -5.03905269e+13 -5.03905269e+13 -5.03905269e+13
  -5.03905269e+13 -5.03905269e+13 -5.03905269e+13 -5.03905269e+13
  -5.03905269e+13 -5.03905269e+13 -5.03905269e+13 -5.03905269e+13
  -5.03905269e+13 -5.03905269e+13 -5.03905269e+13 -5.03905269e+13
  -5.03905269e+13 -5.03905269e+13 -5.03905269e+13 -5.03905269e+13
  -5.03905269e+13 -5.03905269e+13 -5.03905269e+13 -5.03905269e+13
  -5.03905269e+13 -5.03905269e+13 -5.03905269e+13 -5.03905269e+13
  -5.03905269e+13 -5.03905269e+13 -5.03905269e+13 -5.03905269e+13
  -5.03905269e+13 -5.03905269e+13 -5.03905269e+13 -5.03905269e+13
  -5.03905269e+13 -5.03905269e+13 -5.03905269e+13 -5.03905269e+13
  -5.03905269e+13 -5.03905269e+13 -5.03905269e+13 -5.03905269e+13
  -5.03905269e+13 -5.03905269e+13 -5.03905269e+13 -5.03905269e+13
  -5.03905269e+13 -5.03905269e+13 -5.03905269e+13 -5.03905269e+13
  -5.03905269e+13 -5.03905269e+13 -5.03905269e+13 -5.03905269e+13
  -5.03905269e+13 -5.03905269e+13 -5.03905269e+13 -5.03905269e+13
  -5.03905269e+13 -5.03905269e+13 -5.03905269e+13 -5.03905269e+13
  -5.03905269e+13 -5.03905269e+13 -5.03905269e+13 -5.03905269e+13
  -5.03905269e+13 -5.03905269e+13 -5.03905269e+13 -5.03905269e+13
  -5.03905269e+13 -5.03905269e+13 -5.03905269e+13 -5.03905269e+13
  -5.03905269e+13 -5.03905269e+13 -5.03905269e+13 -5.03905269e+13
  -5.03905269e+13 -5.03905269e+13 -5.03905269e+13 -5.03905269e+13
  -5.03905269e+13 -5.03905269e+13 -5.03905269e+13 -5.03905269e+13
  -5.03905269e+13 -5.03905269e+13 -5.03905269e+13 -5.03905269e+13
  -5.03905269e+13 -5.03905269e+13 -5.03905269e+13 -5.03905269e+13
  -5.03905269e+13 -5.03905269e+13 -5.03905269e+13 -5.03905269e+13
  -5.03905269e+13 -5.03905269e+13 -5.03905269e+13 -5.03905269e+13
  -5.03905269e+13 -5.03905269e+13 -5.03905269e+13 -5.03905269e+13
  -5.03905269e+13 -5.03905269e+13 -5.03905269e+13 -5.03905269e+13
  -5.03905269e+13 -5.03905269e+13 -5.03905269e+13 -5.03905269e+13
  -5.03905269e+13 -5.03905269e+13 -5.03905269e+13 -5.03905269e+13
  -5.03905269e+13 -5.03905269e+13 -5.03905269e+13 -5.03905269e+13
  -5.03905269e+13 -5.03905269e+13 -5.03905269e+13 -5.03905269e+13
  -5.03905269e+13 -5.03905269e+13 -5.03905269e+13 -5.03905269e+13
  -5.03905269e+13 -5.03905269e+13 -5.03905269e+13 -5.03905269e+13
  -5.03905269e+13 -5.03905269e+13 -5.03905269e+13 -5.03905269e+13
  -5.03905269e+13 -5.03905269e+13 -5.03905269e+13 -5.03905269e+13
  -5.03905269e+13 -5.03905269e+13 -5.03905269e+13 -5.03905269e+13
  -5.03905269e+13 -5.03905269e+13 -5.03905269e+13 -5.03905269e+13
  -5.03905269e+13 -5.03905269e+13 -5.03905269e+13 -5.03905269e+13]
 [ 5.04068458e+13  5.04068458e+13  5.04068458e+13  5.04068458e+13
   5.04068458e+13  5.04068458e+13  5.04068458e+13  5.04068458e+13
   5.04068458e+13  5.04068458e+13  5.04068458e+13  5.04068458e+13
   5.04068458e+13  5.04068458e+13  5.04068458e+13  5.04068458e+13
   5.04068458e+13  5.04068458e+13  5.04068458e+13  5.04068458e+13
   5.04068458e+13  5.04068458e+13  5.04068458e+13  5.04068458e+13
   5.04068458e+13  5.04068458e+13  5.04068458e+13  5.04068458e+13
   5.04068458e+13  5.04068458e+13  5.04068458e+13  5.04068458e+13
   5.04068458e+13  5.04068458e+13  5.04068458e+13  5.04068458e+13
   5.04068458e+13  5.04068458e+13  5.04068458e+13  5.04068458e+13
   5.04068458e+13  5.04068458e+13  5.04068458e+13  5.04068458e+13
   5.04068458e+13  5.04068458e+13  5.04068458e+13  5.04068458e+13
   5.04068458e+13  5.04068458e+13  5.04068458e+13  5.04068458e+13
   5.04068458e+13  5.04068458e+13  5.04068458e+13  5.04068458e+13
   5.04068458e+13  5.04068458e+13  5.04068458e+13  5.04068458e+13
   5.04068458e+13  5.04068458e+13  5.04068458e+13  5.04068458e+13
   5.04068458e+13  5.04068458e+13  5.04068458e+13  5.04068458e+13
   5.04068458e+13  5.04068458e+13  5.04068458e+13  5.04068458e+13
   5.04068458e+13  5.04068458e+13  5.04068458e+13  5.04068458e+13
   5.04068458e+13  5.04068458e+13  5.04068458e+13  5.04068458e+13
   5.04068458e+13  5.04068458e+13  5.04068458e+13  5.04068458e+13
   5.04068458e+13  5.04068458e+13  5.04068458e+13  5.04068458e+13
   5.04068458e+13  5.04068458e+13  5.04068458e+13  5.04068458e+13
   5.04068458e+13  5.04068458e+13  5.04068458e+13  5.04068458e+13
   5.04068458e+13  5.04068458e+13  5.04068458e+13  5.04068458e+13
   5.04068458e+13  5.04068458e+13  5.04068458e+13  5.04068458e+13
   5.04068458e+13  5.04068458e+13  5.04068458e+13  5.04068458e+13
   5.04068458e+13  5.04068458e+13  5.04068458e+13  5.04068458e+13
   5.04068458e+13  5.04068458e+13  5.04068458e+13  5.04068458e+13
   5.04068458e+13  5.04068458e+13  5.04068458e+13  5.04068458e+13
   5.04068458e+13  5.04068458e+13  5.04068458e+13  5.04068458e+13
   5.04068458e+13  5.04068458e+13  5.04068458e+13  5.04068458e+13
   5.04068458e+13  5.04068458e+13  5.04068458e+13  5.04068458e+13
   5.04068458e+13  5.04068458e+13  5.04068458e+13  5.04068458e+13
   5.04068458e+13  5.04068458e+13  5.04068458e+13  5.04068458e+13
   5.04068458e+13  5.04068458e+13  5.04068458e+13  5.04068458e+13
   5.04068458e+13  5.04068458e+13  5.04068458e+13  5.04068458e+13
   5.04068458e+13  5.04068458e+13  5.04068458e+13  5.04068458e+13
   5.04068458e+13  5.04068458e+13  5.04068458e+13  5.04068458e+13
   5.04068458e+13  5.04068458e+13  5.04068458e+13  5.04068458e+13
   5.04068458e+13  5.04068458e+13  5.04068458e+13  5.04068458e+13
   5.04068458e+13  5.04068458e+13  5.04068458e+13  5.04068458e+13
   5.04068458e+13  5.04068458e+13  5.04068458e+13  5.04068458e+13
   5.04068458e+13  5.04068458e+13  5.04068458e+13  5.04068458e+13
   5.04068458e+13  5.04068458e+13  5.04068458e+13  5.04068458e+13
   5.04068458e+13  5.04068458e+13  5.04068458e+13  5.04068458e+13
   5.04068458e+13  5.04068458e+13  5.04068458e+13  5.04068458e+13
   5.04068458e+13  5.04068458e+13  5.04068458e+13  5.04068458e+13
   5.04068458e+13  5.04068458e+13  5.04068458e+13  5.04068458e+13
   5.04068458e+13  5.04068458e+13  5.04068458e+13  5.04068458e+13
   5.04068458e+13  5.04068458e+13  5.04068458e+13  5.04068458e+13
   5.04068458e+13  5.04068458e+13  5.04068458e+13  5.04068458e+13
   5.04068458e+13  5.04068458e+13  5.04068458e+13  5.04068458e+13
   5.04068458e+13  5.04068458e+13  5.04068458e+13  5.04068458e+13
   5.04068458e+13  5.04068458e+13  5.04068458e+13  5.04068458e+13
   5.04068458e+13  5.04068458e+13  5.04068458e+13  5.04068458e+13
   5.04068458e+13  5.04068458e+13  5.04068458e+13  5.04068458e+13
   5.04068458e+13  5.04068458e+13  5.04068458e+13  5.04068458e+13
   5.04068458e+13  5.04068458e+13  5.04068458e+13  5.04068458e+13
   5.04068458e+13  5.04068458e+13  5.04068458e+13  5.04068458e+13
   5.04068458e+13  5.04068458e+13  5.04068458e+13  5.04068458e+13
   5.04068458e+13  5.04068458e+13  5.04068458e+13  5.04068458e+13
   5.04068458e+13  5.04068458e+13  5.04068458e+13  5.04068458e+13
   5.04068458e+13  5.04068458e+13  5.04068458e+13  5.04068458e+13
   5.04068458e+13  5.04068458e+13  5.04068458e+13  5.04068458e+13
   5.04068458e+13  5.04068458e+13  5.04068458e+13  5.04068458e+13
   5.04068458e+13  5.04068458e+13  5.04068458e+13  5.04068458e+13
   5.04068458e+13  5.04068458e+13  5.04068458e+13  5.04068458e+13
   5.04068458e+13  5.04068458e+13  5.04068458e+13  5.04068458e+13
   5.04068458e+13  5.04068458e+13  5.04068458e+13  5.04068458e+13
   5.04068458e+13  5.04068458e+13  5.04068458e+13  5.04068458e+13
   5.04068458e+13  5.04068458e+13  5.04068458e+13  5.04068458e+13
   5.04068458e+13  5.04068458e+13  5.04068458e+13  5.04068458e+13
   5.04068458e+13  5.04068458e+13  5.04068458e+13  5.04068458e+13
   5.04068458e+13  5.04068458e+13  5.04068458e+13  5.04068458e+13
   5.04068458e+13  5.04068458e+13  5.04068458e+13  5.04068458e+13
   5.04068458e+13  5.04068458e+13  5.04068458e+13  5.04068458e+13
   5.04068458e+13  5.04068458e+13  5.04068458e+13  5.04068458e+13
   5.04068458e+13  5.04068458e+13  5.04068458e+13  5.04068458e+13
   5.04068458e+13  5.04068458e+13  5.04068458e+13  5.04068458e+13
   5.04068458e+13  5.04068458e+13  5.04068458e+13  5.04068458e+13
   5.04068458e+13  5.04068458e+13  5.04068458e+13  5.04068458e+13
   5.04068458e+13  5.04068458e+13  5.04068458e+13  5.04068458e+13
   5.04068458e+13  5.04068458e+13  5.04068458e+13  5.04068458e+13
   5.04068458e+13  5.04068458e+13  5.04068458e+13  5.04068458e+13
   5.04068458e+13  5.04068458e+13  5.04068458e+13  5.04068458e+13
   5.04068458e+13  5.04068458e+13  5.04068458e+13  5.04068458e+13
   5.04068458e+13  5.04068458e+13  5.04068458e+13  5.04068458e+13
   5.04068458e+13  5.04068458e+13  5.04068458e+13  5.04068458e+13
   5.04068458e+13  5.04068458e+13  5.04068458e+13  5.04068458e+13
   5.04068458e+13  5.04068458e+13  5.04068458e+13  5.04068458e+13
   5.04068458e+13  5.04068458e+13  5.04068458e+13  5.04068458e+13
   5.04068458e+13  5.04068458e+13  5.04068458e+13  5.04068458e+13
   5.04068458e+13  5.04068458e+13  5.04068458e+13  5.04068458e+13
   5.04068458e+13  5.04068458e+13  5.04068458e+13  5.04068458e+13
   5.04068458e+13  5.04068458e+13  5.04068458e+13  5.04068458e+13
   5.04068458e+13  5.04068458e+13  5.04068458e+13  5.04068458e+13
   5.04068458e+13  5.04068458e+13  5.04068458e+13  5.04068458e+13
   5.04068458e+13  5.04068458e+13  5.04068458e+13  5.04068458e+13
   5.04068458e+13  5.04068458e+13  5.04068458e+13  5.04068458e+13]
 [-3.76279368e+13 -3.76279368e+13 -3.76279368e+13 -3.76279368e+13
  -3.76279368e+13 -3.76279368e+13 -3.76279368e+13 -3.76279368e+13
  -3.76279368e+13 -3.76279368e+13 -3.76279368e+13 -3.76279368e+13
  -3.76279368e+13 -3.76279368e+13 -3.76279368e+13 -3.76279368e+13
  -3.76279368e+13 -3.76279368e+13 -3.76279368e+13 -3.76279368e+13
  -3.76279368e+13 -3.76279368e+13 -3.76279368e+13 -3.76279368e+13
  -3.76279368e+13 -3.76279368e+13 -3.76279368e+13 -3.76279368e+13
  -3.76279368e+13 -3.76279368e+13 -3.76279368e+13 -3.76279368e+13
  -3.76279368e+13 -3.76279368e+13 -3.76279368e+13 -3.76279368e+13
  -3.76279368e+13 -3.76279368e+13 -3.76279368e+13 -3.76279368e+13
  -3.76279368e+13 -3.76279368e+13 -3.76279368e+13 -3.76279368e+13
  -3.76279368e+13 -3.76279368e+13 -3.76279368e+13 -3.76279368e+13
  -3.76279368e+13 -3.76279368e+13 -3.76279368e+13 -3.76279368e+13
  -3.76279368e+13 -3.76279368e+13 -3.76279368e+13 -3.76279368e+13
  -3.76279368e+13 -3.76279368e+13 -3.76279368e+13 -3.76279368e+13
  -3.76279368e+13 -3.76279368e+13 -3.76279368e+13 -3.76279368e+13
  -3.76279368e+13 -3.76279368e+13 -3.76279368e+13 -3.76279368e+13
  -3.76279368e+13 -3.76279368e+13 -3.76279368e+13 -3.76279368e+13
  -3.76279368e+13 -3.76279368e+13 -3.76279368e+13 -3.76279368e+13
  -3.76279368e+13 -3.76279368e+13 -3.76279368e+13 -3.76279368e+13
  -3.76279368e+13 -3.76279368e+13 -3.76279368e+13 -3.76279368e+13
  -3.76279368e+13 -3.76279368e+13 -3.76279368e+13 -3.76279368e+13
  -3.76279368e+13 -3.76279368e+13 -3.76279368e+13 -3.76279368e+13
  -3.76279368e+13 -3.76279368e+13 -3.76279368e+13 -3.76279368e+13
  -3.76279368e+13 -3.76279368e+13 -3.76279368e+13 -3.76279368e+13
  -3.76279368e+13 -3.76279368e+13 -3.76279368e+13 -3.76279368e+13
  -3.76279368e+13 -3.76279368e+13 -3.76279368e+13 -3.76279368e+13
  -3.76279368e+13 -3.76279368e+13 -3.76279368e+13 -3.76279368e+13
  -3.76279368e+13 -3.76279368e+13 -3.76279368e+13 -3.76279368e+13
  -3.76279368e+13 -3.76279368e+13 -3.76279368e+13 -3.76279368e+13
  -3.76279368e+13 -3.76279368e+13 -3.76279368e+13 -3.76279368e+13
  -3.76279368e+13 -3.76279368e+13 -3.76279368e+13 -3.76279368e+13
  -3.76279368e+13 -3.76279368e+13 -3.76279368e+13 -3.76279368e+13
  -3.76279368e+13 -3.76279368e+13 -3.76279368e+13 -3.76279368e+13
  -3.76279368e+13 -3.76279368e+13 -3.76279368e+13 -3.76279368e+13
  -3.76279368e+13 -3.76279368e+13 -3.76279368e+13 -3.76279368e+13
  -3.76279368e+13 -3.76279368e+13 -3.76279368e+13 -3.76279368e+13
  -3.76279368e+13 -3.76279368e+13 -3.76279368e+13 -3.76279368e+13
  -3.76279368e+13 -3.76279368e+13 -3.76279368e+13 -3.76279368e+13
  -3.76279368e+13 -3.76279368e+13 -3.76279368e+13 -3.76279368e+13
  -3.76279368e+13 -3.76279368e+13 -3.76279368e+13 -3.76279368e+13
  -3.76279368e+13 -3.76279368e+13 -3.76279368e+13 -3.76279368e+13
  -3.76279368e+13 -3.76279368e+13 -3.76279368e+13 -3.76279368e+13
  -3.76279368e+13 -3.76279368e+13 -3.76279368e+13 -3.76279368e+13
  -3.76279368e+13 -3.76279368e+13 -3.76279368e+13 -3.76279368e+13
  -3.76279368e+13 -3.76279368e+13 -3.76279368e+13 -3.76279368e+13
  -3.76279368e+13 -3.76279368e+13 -3.76279368e+13 -3.76279368e+13
  -3.76279368e+13 -3.76279368e+13 -3.76279368e+13 -3.76279368e+13
  -3.76279368e+13 -3.76279368e+13 -3.76279368e+13 -3.76279368e+13
  -3.76279368e+13 -3.76279368e+13 -3.76279368e+13 -3.76279368e+13
  -3.76279368e+13 -3.76279368e+13 -3.76279368e+13 -3.76279368e+13
  -3.76279368e+13 -3.76279368e+13 -3.76279368e+13 -3.76279368e+13
  -3.76279368e+13 -3.76279368e+13 -3.76279368e+13 -3.76279368e+13
  -3.76279368e+13 -3.76279368e+13 -3.76279368e+13 -3.76279368e+13
  -3.76279368e+13 -3.76279368e+13 -3.76279368e+13 -3.76279368e+13
  -3.76279368e+13 -3.76279368e+13 -3.76279368e+13 -3.76279368e+13
  -3.76279368e+13 -3.76279368e+13 -3.76279368e+13 -3.76279368e+13
  -3.76279368e+13 -3.76279368e+13 -3.76279368e+13 -3.76279368e+13
  -3.76279368e+13 -3.76279368e+13 -3.76279368e+13 -3.76279368e+13
  -3.76279368e+13 -3.76279368e+13 -3.76279368e+13 -3.76279368e+13
  -3.76279368e+13 -3.76279368e+13 -3.76279368e+13 -3.76279368e+13
  -3.76279368e+13 -3.76279368e+13 -3.76279368e+13 -3.76279368e+13
  -3.76279368e+13 -3.76279368e+13 -3.76279368e+13 -3.76279368e+13
  -3.76279368e+13 -3.76279368e+13 -3.76279368e+13 -3.76279368e+13
  -3.76279368e+13 -3.76279368e+13 -3.76279368e+13 -3.76279368e+13
  -3.76279368e+13 -3.76279368e+13 -3.76279368e+13 -3.76279368e+13
  -3.76279368e+13 -3.76279368e+13 -3.76279368e+13 -3.76279368e+13
  -3.76279368e+13 -3.76279368e+13 -3.76279368e+13 -3.76279368e+13
  -3.76279368e+13 -3.76279368e+13 -3.76279368e+13 -3.76279368e+13
  -3.76279368e+13 -3.76279368e+13 -3.76279368e+13 -3.76279368e+13
  -3.76279368e+13 -3.76279368e+13 -3.76279368e+13 -3.76279368e+13
  -3.76279368e+13 -3.76279368e+13 -3.76279368e+13 -3.76279368e+13
  -3.76279368e+13 -3.76279368e+13 -3.76279368e+13 -3.76279368e+13
  -3.76279368e+13 -3.76279368e+13 -3.76279368e+13 -3.76279368e+13
  -3.76279368e+13 -3.76279368e+13 -3.76279368e+13 -3.76279368e+13
  -3.76279368e+13 -3.76279368e+13 -3.76279368e+13 -3.76279368e+13
  -3.76279368e+13 -3.76279368e+13 -3.76279368e+13 -3.76279368e+13
  -3.76279368e+13 -3.76279368e+13 -3.76279368e+13 -3.76279368e+13
  -3.76279368e+13 -3.76279368e+13 -3.76279368e+13 -3.76279368e+13
  -3.76279368e+13 -3.76279368e+13 -3.76279368e+13 -3.76279368e+13
  -3.76279368e+13 -3.76279368e+13 -3.76279368e+13 -3.76279368e+13
  -3.76279368e+13 -3.76279368e+13 -3.76279368e+13 -3.76279368e+13
  -3.76279368e+13 -3.76279368e+13 -3.76279368e+13 -3.76279368e+13
  -3.76279368e+13 -3.76279368e+13 -3.76279368e+13 -3.76279368e+13
  -3.76279368e+13 -3.76279368e+13 -3.76279368e+13 -3.76279368e+13
  -3.76279368e+13 -3.76279368e+13 -3.76279368e+13 -3.76279368e+13
  -3.76279368e+13 -3.76279368e+13 -3.76279368e+13 -3.76279368e+13
  -3.76279368e+13 -3.76279368e+13 -3.76279368e+13 -3.76279368e+13
  -3.76279368e+13 -3.76279368e+13 -3.76279368e+13 -3.76279368e+13
  -3.76279368e+13 -3.76279368e+13 -3.76279368e+13 -3.76279368e+13
  -3.76279368e+13 -3.76279368e+13 -3.76279368e+13 -3.76279368e+13
  -3.76279368e+13 -3.76279368e+13 -3.76279368e+13 -3.76279368e+13
  -3.76279368e+13 -3.76279368e+13 -3.76279368e+13 -3.76279368e+13
  -3.76279368e+13 -3.76279368e+13 -3.76279368e+13 -3.76279368e+13
  -3.76279368e+13 -3.76279368e+13 -3.76279368e+13 -3.76279368e+13
  -3.76279368e+13 -3.76279368e+13 -3.76279368e+13 -3.76279368e+13
  -3.76279368e+13 -3.76279368e+13 -3.76279368e+13 -3.76279368e+13
  -3.76279368e+13 -3.76279368e+13 -3.76279368e+13 -3.76279368e+13
  -3.76279368e+13 -3.76279368e+13 -3.76279368e+13 -3.76279368e+13
  -3.76279368e+13 -3.76279368e+13 -3.76279368e+13 -3.76279368e+13]
 [-3.94308736e+13 -3.94308736e+13 -3.94308736e+13 -3.94308736e+13
  -3.94308736e+13 -3.94308736e+13 -3.94308736e+13 -3.94308736e+13
  -3.94308736e+13 -3.94308736e+13 -3.94308736e+13 -3.94308736e+13
  -3.94308736e+13 -3.94308736e+13 -3.94308736e+13 -3.94308736e+13
  -3.94308736e+13 -3.94308736e+13 -3.94308736e+13 -3.94308736e+13
  -3.94308736e+13 -3.94308736e+13 -3.94308736e+13 -3.94308736e+13
  -3.94308736e+13 -3.94308736e+13 -3.94308736e+13 -3.94308736e+13
  -3.94308736e+13 -3.94308736e+13 -3.94308736e+13 -3.94308736e+13
  -3.94308736e+13 -3.94308736e+13 -3.94308736e+13 -3.94308736e+13
  -3.94308736e+13 -3.94308736e+13 -3.94308736e+13 -3.94308736e+13
  -3.94308736e+13 -3.94308736e+13 -3.94308736e+13 -3.94308736e+13
  -3.94308736e+13 -3.94308736e+13 -3.94308736e+13 -3.94308736e+13
  -3.94308736e+13 -3.94308736e+13 -3.94308736e+13 -3.94308736e+13
  -3.94308736e+13 -3.94308736e+13 -3.94308736e+13 -3.94308736e+13
  -3.94308736e+13 -3.94308736e+13 -3.94308736e+13 -3.94308736e+13
  -3.94308736e+13 -3.94308736e+13 -3.94308736e+13 -3.94308736e+13
  -3.94308736e+13 -3.94308736e+13 -3.94308736e+13 -3.94308736e+13
  -3.94308736e+13 -3.94308736e+13 -3.94308736e+13 -3.94308736e+13
  -3.94308736e+13 -3.94308736e+13 -3.94308736e+13 -3.94308736e+13
  -3.94308736e+13 -3.94308736e+13 -3.94308736e+13 -3.94308736e+13
  -3.94308736e+13 -3.94308736e+13 -3.94308736e+13 -3.94308736e+13
  -3.94308736e+13 -3.94308736e+13 -3.94308736e+13 -3.94308736e+13
  -3.94308736e+13 -3.94308736e+13 -3.94308736e+13 -3.94308736e+13
  -3.94308736e+13 -3.94308736e+13 -3.94308736e+13 -3.94308736e+13
  -3.94308736e+13 -3.94308736e+13 -3.94308736e+13 -3.94308736e+13
  -3.94308736e+13 -3.94308736e+13 -3.94308736e+13 -3.94308736e+13
  -3.94308736e+13 -3.94308736e+13 -3.94308736e+13 -3.94308736e+13
  -3.94308736e+13 -3.94308736e+13 -3.94308736e+13 -3.94308736e+13
  -3.94308736e+13 -3.94308736e+13 -3.94308736e+13 -3.94308736e+13
  -3.94308736e+13 -3.94308736e+13 -3.94308736e+13 -3.94308736e+13
  -3.94308736e+13 -3.94308736e+13 -3.94308736e+13 -3.94308736e+13
  -3.94308736e+13 -3.94308736e+13 -3.94308736e+13 -3.94308736e+13
  -3.94308736e+13 -3.94308736e+13 -3.94308736e+13 -3.94308736e+13
  -3.94308736e+13 -3.94308736e+13 -3.94308736e+13 -3.94308736e+13
  -3.94308736e+13 -3.94308736e+13 -3.94308736e+13 -3.94308736e+13
  -3.94308736e+13 -3.94308736e+13 -3.94308736e+13 -3.94308736e+13
  -3.94308736e+13 -3.94308736e+13 -3.94308736e+13 -3.94308736e+13
  -3.94308736e+13 -3.94308736e+13 -3.94308736e+13 -3.94308736e+13
  -3.94308736e+13 -3.94308736e+13 -3.94308736e+13 -3.94308736e+13
  -3.94308736e+13 -3.94308736e+13 -3.94308736e+13 -3.94308736e+13
  -3.94308736e+13 -3.94308736e+13 -3.94308736e+13 -3.94308736e+13
  -3.94308736e+13 -3.94308736e+13 -3.94308736e+13 -3.94308736e+13
  -3.94308736e+13 -3.94308736e+13 -3.94308736e+13 -3.94308736e+13
  -3.94308736e+13 -3.94308736e+13 -3.94308736e+13 -3.94308736e+13
  -3.94308736e+13 -3.94308736e+13 -3.94308736e+13 -3.94308736e+13
  -3.94308736e+13 -3.94308736e+13 -3.94308736e+13 -3.94308736e+13
  -3.94308736e+13 -3.94308736e+13 -3.94308736e+13 -3.94308736e+13
  -3.94308736e+13 -3.94308736e+13 -3.94308736e+13 -3.94308736e+13
  -3.94308736e+13 -3.94308736e+13 -3.94308736e+13 -3.94308736e+13
  -3.94308736e+13 -3.94308736e+13 -3.94308736e+13 -3.94308736e+13
  -3.94308736e+13 -3.94308736e+13 -3.94308736e+13 -3.94308736e+13
  -3.94308736e+13 -3.94308736e+13 -3.94308736e+13 -3.94308736e+13
  -3.94308736e+13 -3.94308736e+13 -3.94308736e+13 -3.94308736e+13
  -3.94308736e+13 -3.94308736e+13 -3.94308736e+13 -3.94308736e+13
  -3.94308736e+13 -3.94308736e+13 -3.94308736e+13 -3.94308736e+13
  -3.94308736e+13 -3.94308736e+13 -3.94308736e+13 -3.94308736e+13
  -3.94308736e+13 -3.94308736e+13 -3.94308736e+13 -3.94308736e+13
  -3.94308736e+13 -3.94308736e+13 -3.94308736e+13 -3.94308736e+13
  -3.94308736e+13 -3.94308736e+13 -3.94308736e+13 -3.94308736e+13
  -3.94308736e+13 -3.94308736e+13 -3.94308736e+13 -3.94308736e+13
  -3.94308736e+13 -3.94308736e+13 -3.94308736e+13 -3.94308736e+13
  -3.94308736e+13 -3.94308736e+13 -3.94308736e+13 -3.94308736e+13
  -3.94308736e+13 -3.94308736e+13 -3.94308736e+13 -3.94308736e+13
  -3.94308736e+13 -3.94308736e+13 -3.94308736e+13 -3.94308736e+13
  -3.94308736e+13 -3.94308736e+13 -3.94308736e+13 -3.94308736e+13
  -3.94308736e+13 -3.94308736e+13 -3.94308736e+13 -3.94308736e+13
  -3.94308736e+13 -3.94308736e+13 -3.94308736e+13 -3.94308736e+13
  -3.94308736e+13 -3.94308736e+13 -3.94308736e+13 -3.94308736e+13
  -3.94308736e+13 -3.94308736e+13 -3.94308736e+13 -3.94308736e+13
  -3.94308736e+13 -3.94308736e+13 -3.94308736e+13 -3.94308736e+13
  -3.94308736e+13 -3.94308736e+13 -3.94308736e+13 -3.94308736e+13
  -3.94308736e+13 -3.94308736e+13 -3.94308736e+13 -3.94308736e+13
  -3.94308736e+13 -3.94308736e+13 -3.94308736e+13 -3.94308736e+13
  -3.94308736e+13 -3.94308736e+13 -3.94308736e+13 -3.94308736e+13
  -3.94308736e+13 -3.94308736e+13 -3.94308736e+13 -3.94308736e+13
  -3.94308736e+13 -3.94308736e+13 -3.94308736e+13 -3.94308736e+13
  -3.94308736e+13 -3.94308736e+13 -3.94308736e+13 -3.94308736e+13
  -3.94308736e+13 -3.94308736e+13 -3.94308736e+13 -3.94308736e+13
  -3.94308736e+13 -3.94308736e+13 -3.94308736e+13 -3.94308736e+13
  -3.94308736e+13 -3.94308736e+13 -3.94308736e+13 -3.94308736e+13
  -3.94308736e+13 -3.94308736e+13 -3.94308736e+13 -3.94308736e+13
  -3.94308736e+13 -3.94308736e+13 -3.94308736e+13 -3.94308736e+13
  -3.94308736e+13 -3.94308736e+13 -3.94308736e+13 -3.94308736e+13
  -3.94308736e+13 -3.94308736e+13 -3.94308736e+13 -3.94308736e+13
  -3.94308736e+13 -3.94308736e+13 -3.94308736e+13 -3.94308736e+13
  -3.94308736e+13 -3.94308736e+13 -3.94308736e+13 -3.94308736e+13
  -3.94308736e+13 -3.94308736e+13 -3.94308736e+13 -3.94308736e+13
  -3.94308736e+13 -3.94308736e+13 -3.94308736e+13 -3.94308736e+13
  -3.94308736e+13 -3.94308736e+13 -3.94308736e+13 -3.94308736e+13
  -3.94308736e+13 -3.94308736e+13 -3.94308736e+13 -3.94308736e+13
  -3.94308736e+13 -3.94308736e+13 -3.94308736e+13 -3.94308736e+13
  -3.94308736e+13 -3.94308736e+13 -3.94308736e+13 -3.94308736e+13
  -3.94308736e+13 -3.94308736e+13 -3.94308736e+13 -3.94308736e+13
  -3.94308736e+13 -3.94308736e+13 -3.94308736e+13 -3.94308736e+13
  -3.94308736e+13 -3.94308736e+13 -3.94308736e+13 -3.94308736e+13
  -3.94308736e+13 -3.94308736e+13 -3.94308736e+13 -3.94308736e+13
  -3.94308736e+13 -3.94308736e+13 -3.94308736e+13 -3.94308736e+13
  -3.94308736e+13 -3.94308736e+13 -3.94308736e+13 -3.94308736e+13
  -3.94308736e+13 -3.94308736e+13 -3.94308736e+13 -3.94308736e+13
  -3.94308736e+13 -3.94308736e+13 -3.94308736e+13 -3.94308736e+13]
 [-1.16418084e+13 -1.16418084e+13 -1.16418084e+13 -1.16418084e+13
  -1.16418084e+13 -1.16418084e+13 -1.16418084e+13 -1.16418084e+13
  -1.16418084e+13 -1.16418084e+13 -1.16418084e+13 -1.16418084e+13
  -1.16418084e+13 -1.16418084e+13 -1.16418084e+13 -1.16418084e+13
  -1.16418084e+13 -1.16418084e+13 -1.16418084e+13 -1.16418084e+13
  -1.16418084e+13 -1.16418084e+13 -1.16418084e+13 -1.16418084e+13
  -1.16418084e+13 -1.16418084e+13 -1.16418084e+13 -1.16418084e+13
  -1.16418084e+13 -1.16418084e+13 -1.16418084e+13 -1.16418084e+13
  -1.16418084e+13 -1.16418084e+13 -1.16418084e+13 -1.16418084e+13
  -1.16418084e+13 -1.16418084e+13 -1.16418084e+13 -1.16418084e+13
  -1.16418084e+13 -1.16418084e+13 -1.16418084e+13 -1.16418084e+13
  -1.16418084e+13 -1.16418084e+13 -1.16418084e+13 -1.16418084e+13
  -1.16418084e+13 -1.16418084e+13 -1.16418084e+13 -1.16418084e+13
  -1.16418084e+13 -1.16418084e+13 -1.16418084e+13 -1.16418084e+13
  -1.16418084e+13 -1.16418084e+13 -1.16418084e+13 -1.16418084e+13
  -1.16418084e+13 -1.16418084e+13 -1.16418084e+13 -1.16418084e+13
  -1.16418084e+13 -1.16418084e+13 -1.16418084e+13 -1.16418084e+13
  -1.16418084e+13 -1.16418084e+13 -1.16418084e+13 -1.16418084e+13
  -1.16418084e+13 -1.16418084e+13 -1.16418084e+13 -1.16418084e+13
  -1.16418084e+13 -1.16418084e+13 -1.16418084e+13 -1.16418084e+13
  -1.16418084e+13 -1.16418084e+13 -1.16418084e+13 -1.16418084e+13
  -1.16418084e+13 -1.16418084e+13 -1.16418084e+13 -1.16418084e+13
  -1.16418084e+13 -1.16418084e+13 -1.16418084e+13 -1.16418084e+13
  -1.16418084e+13 -1.16418084e+13 -1.16418084e+13 -1.16418084e+13
  -1.16418084e+13 -1.16418084e+13 -1.16418084e+13 -1.16418084e+13
  -1.16418084e+13 -1.16418084e+13 -1.16418084e+13 -1.16418084e+13
  -1.16418084e+13 -1.16418084e+13 -1.16418084e+13 -1.16418084e+13
  -1.16418084e+13 -1.16418084e+13 -1.16418084e+13 -1.16418084e+13
  -1.16418084e+13 -1.16418084e+13 -1.16418084e+13 -1.16418084e+13
  -1.16418084e+13 -1.16418084e+13 -1.16418084e+13 -1.16418084e+13
  -1.16418084e+13 -1.16418084e+13 -1.16418084e+13 -1.16418084e+13
  -1.16418084e+13 -1.16418084e+13 -1.16418084e+13 -1.16418084e+13
  -1.16418084e+13 -1.16418084e+13 -1.16418084e+13 -1.16418084e+13
  -1.16418084e+13 -1.16418084e+13 -1.16418084e+13 -1.16418084e+13
  -1.16418084e+13 -1.16418084e+13 -1.16418084e+13 -1.16418084e+13
  -1.16418084e+13 -1.16418084e+13 -1.16418084e+13 -1.16418084e+13
  -1.16418084e+13 -1.16418084e+13 -1.16418084e+13 -1.16418084e+13
  -1.16418084e+13 -1.16418084e+13 -1.16418084e+13 -1.16418084e+13
  -1.16418084e+13 -1.16418084e+13 -1.16418084e+13 -1.16418084e+13
  -1.16418084e+13 -1.16418084e+13 -1.16418084e+13 -1.16418084e+13
  -1.16418084e+13 -1.16418084e+13 -1.16418084e+13 -1.16418084e+13
  -1.16418084e+13 -1.16418084e+13 -1.16418084e+13 -1.16418084e+13
  -1.16418084e+13 -1.16418084e+13 -1.16418084e+13 -1.16418084e+13
  -1.16418084e+13 -1.16418084e+13 -1.16418084e+13 -1.16418084e+13
  -1.16418084e+13 -1.16418084e+13 -1.16418084e+13 -1.16418084e+13
  -1.16418084e+13 -1.16418084e+13 -1.16418084e+13 -1.16418084e+13
  -1.16418084e+13 -1.16418084e+13 -1.16418084e+13 -1.16418084e+13
  -1.16418084e+13 -1.16418084e+13 -1.16418084e+13 -1.16418084e+13
  -1.16418084e+13 -1.16418084e+13 -1.16418084e+13 -1.16418084e+13
  -1.16418084e+13 -1.16418084e+13 -1.16418084e+13 -1.16418084e+13
  -1.16418084e+13 -1.16418084e+13 -1.16418084e+13 -1.16418084e+13
  -1.16418084e+13 -1.16418084e+13 -1.16418084e+13 -1.16418084e+13
  -1.16418084e+13 -1.16418084e+13 -1.16418084e+13 -1.16418084e+13
  -1.16418084e+13 -1.16418084e+13 -1.16418084e+13 -1.16418084e+13
  -1.16418084e+13 -1.16418084e+13 -1.16418084e+13 -1.16418084e+13
  -1.16418084e+13 -1.16418084e+13 -1.16418084e+13 -1.16418084e+13
  -1.16418084e+13 -1.16418084e+13 -1.16418084e+13 -1.16418084e+13
  -1.16418084e+13 -1.16418084e+13 -1.16418084e+13 -1.16418084e+13
  -1.16418084e+13 -1.16418084e+13 -1.16418084e+13 -1.16418084e+13
  -1.16418084e+13 -1.16418084e+13 -1.16418084e+13 -1.16418084e+13
  -1.16418084e+13 -1.16418084e+13 -1.16418084e+13 -1.16418084e+13
  -1.16418084e+13 -1.16418084e+13 -1.16418084e+13 -1.16418084e+13
  -1.16418084e+13 -1.16418084e+13 -1.16418084e+13 -1.16418084e+13
  -1.16418084e+13 -1.16418084e+13 -1.16418084e+13 -1.16418084e+13
  -1.16418084e+13 -1.16418084e+13 -1.16418084e+13 -1.16418084e+13
  -1.16418084e+13 -1.16418084e+13 -1.16418084e+13 -1.16418084e+13
  -1.16418084e+13 -1.16418084e+13 -1.16418084e+13 -1.16418084e+13
  -1.16418084e+13 -1.16418084e+13 -1.16418084e+13 -1.16418084e+13
  -1.16418084e+13 -1.16418084e+13 -1.16418084e+13 -1.16418084e+13
  -1.16418084e+13 -1.16418084e+13 -1.16418084e+13 -1.16418084e+13
  -1.16418084e+13 -1.16418084e+13 -1.16418084e+13 -1.16418084e+13
  -1.16418084e+13 -1.16418084e+13 -1.16418084e+13 -1.16418084e+13
  -1.16418084e+13 -1.16418084e+13 -1.16418084e+13 -1.16418084e+13
  -1.16418084e+13 -1.16418084e+13 -1.16418084e+13 -1.16418084e+13
  -1.16418084e+13 -1.16418084e+13 -1.16418084e+13 -1.16418084e+13
  -1.16418084e+13 -1.16418084e+13 -1.16418084e+13 -1.16418084e+13
  -1.16418084e+13 -1.16418084e+13 -1.16418084e+13 -1.16418084e+13
  -1.16418084e+13 -1.16418084e+13 -1.16418084e+13 -1.16418084e+13
  -1.16418084e+13 -1.16418084e+13 -1.16418084e+13 -1.16418084e+13
  -1.16418084e+13 -1.16418084e+13 -1.16418084e+13 -1.16418084e+13
  -1.16418084e+13 -1.16418084e+13 -1.16418084e+13 -1.16418084e+13
  -1.16418084e+13 -1.16418084e+13 -1.16418084e+13 -1.16418084e+13
  -1.16418084e+13 -1.16418084e+13 -1.16418084e+13 -1.16418084e+13
  -1.16418084e+13 -1.16418084e+13 -1.16418084e+13 -1.16418084e+13
  -1.16418084e+13 -1.16418084e+13 -1.16418084e+13 -1.16418084e+13
  -1.16418084e+13 -1.16418084e+13 -1.16418084e+13 -1.16418084e+13
  -1.16418084e+13 -1.16418084e+13 -1.16418084e+13 -1.16418084e+13
  -1.16418084e+13 -1.16418084e+13 -1.16418084e+13 -1.16418084e+13
  -1.16418084e+13 -1.16418084e+13 -1.16418084e+13 -1.16418084e+13
  -1.16418084e+13 -1.16418084e+13 -1.16418084e+13 -1.16418084e+13
  -1.16418084e+13 -1.16418084e+13 -1.16418084e+13 -1.16418084e+13
  -1.16418084e+13 -1.16418084e+13 -1.16418084e+13 -1.16418084e+13
  -1.16418084e+13 -1.16418084e+13 -1.16418084e+13 -1.16418084e+13
  -1.16418084e+13 -1.16418084e+13 -1.16418084e+13 -1.16418084e+13
  -1.16418084e+13 -1.16418084e+13 -1.16418084e+13 -1.16418084e+13
  -1.16418084e+13 -1.16418084e+13 -1.16418084e+13 -1.16418084e+13
  -1.16418084e+13 -1.16418084e+13 -1.16418084e+13 -1.16418084e+13
  -1.16418084e+13 -1.16418084e+13 -1.16418084e+13 -1.16418084e+13
  -1.16418084e+13 -1.16418084e+13 -1.16418084e+13 -1.16418084e+13
  -1.16418084e+13 -1.16418084e+13 -1.16418084e+13 -1.16418084e+13]
 [ 4.93454144e+12  4.93454144e+12  4.93454144e+12  4.93454144e+12
   4.93454144e+12  4.93454144e+12  4.93454144e+12  4.93454144e+12
   4.93454144e+12  4.93454144e+12  4.93454144e+12  4.93454144e+12
   4.93454144e+12  4.93454144e+12  4.93454144e+12  4.93454144e+12
   4.93454144e+12  4.93454144e+12  4.93454144e+12  4.93454144e+12
   4.93454144e+12  4.93454144e+12  4.93454144e+12  4.93454144e+12
   4.93454144e+12  4.93454144e+12  4.93454144e+12  4.93454144e+12
   4.93454144e+12  4.93454144e+12  4.93454144e+12  4.93454144e+12
   4.93454144e+12  4.93454144e+12  4.93454144e+12  4.93454144e+12
   4.93454144e+12  4.93454144e+12  4.93454144e+12  4.93454144e+12
   4.93454144e+12  4.93454144e+12  4.93454144e+12  4.93454144e+12
   4.93454144e+12  4.93454144e+12  4.93454144e+12  4.93454144e+12
   4.93454144e+12  4.93454144e+12  4.93454144e+12  4.93454144e+12
   4.93454144e+12  4.93454144e+12  4.93454144e+12  4.93454144e+12
   4.93454144e+12  4.93454144e+12  4.93454144e+12  4.93454144e+12
   4.93454144e+12  4.93454144e+12  4.93454144e+12  4.93454144e+12
   4.93454144e+12  4.93454144e+12  4.93454144e+12  4.93454144e+12
   4.93454144e+12  4.93454144e+12  4.93454144e+12  4.93454144e+12
   4.93454144e+12  4.93454144e+12  4.93454144e+12  4.93454144e+12
   4.93454144e+12  4.93454144e+12  4.93454144e+12  4.93454144e+12
   4.93454144e+12  4.93454144e+12  4.93454144e+12  4.93454144e+12
   4.93454144e+12  4.93454144e+12  4.93454144e+12  4.93454144e+12
   4.93454144e+12  4.93454144e+12  4.93454144e+12  4.93454144e+12
   4.93454144e+12  4.93454144e+12  4.93454144e+12  4.93454144e+12
   4.93454144e+12  4.93454144e+12  4.93454144e+12  4.93454144e+12
   4.93454144e+12  4.93454144e+12  4.93454144e+12  4.93454144e+12
   4.93454144e+12  4.93454144e+12  4.93454144e+12  4.93454144e+12
   4.93454144e+12  4.93454144e+12  4.93454144e+12  4.93454144e+12
   4.93454144e+12  4.93454144e+12  4.93454144e+12  4.93454144e+12
   4.93454144e+12  4.93454144e+12  4.93454144e+12  4.93454144e+12
   4.93454144e+12  4.93454144e+12  4.93454144e+12  4.93454144e+12
   4.93454144e+12  4.93454144e+12  4.93454144e+12  4.93454144e+12
   4.93454144e+12  4.93454144e+12  4.93454144e+12  4.93454144e+12
   4.93454144e+12  4.93454144e+12  4.93454144e+12  4.93454144e+12
   4.93454144e+12  4.93454144e+12  4.93454144e+12  4.93454144e+12
   4.93454144e+12  4.93454144e+12  4.93454144e+12  4.93454144e+12
   4.93454144e+12  4.93454144e+12  4.93454144e+12  4.93454144e+12
   4.93454144e+12  4.93454144e+12  4.93454144e+12  4.93454144e+12
   4.93454144e+12  4.93454144e+12  4.93454144e+12  4.93454144e+12
   4.93454144e+12  4.93454144e+12  4.93454144e+12  4.93454144e+12
   4.93454144e+12  4.93454144e+12  4.93454144e+12  4.93454144e+12
   4.93454144e+12  4.93454144e+12  4.93454144e+12  4.93454144e+12
   4.93454144e+12  4.93454144e+12  4.93454144e+12  4.93454144e+12
   4.93454144e+12  4.93454144e+12  4.93454144e+12  4.93454144e+12
   4.93454144e+12  4.93454144e+12  4.93454144e+12  4.93454144e+12
   4.93454144e+12  4.93454144e+12  4.93454144e+12  4.93454144e+12
   4.93454144e+12  4.93454144e+12  4.93454144e+12  4.93454144e+12
   4.93454144e+12  4.93454144e+12  4.93454144e+12  4.93454144e+12
   4.93454144e+12  4.93454144e+12  4.93454144e+12  4.93454144e+12
   4.93454144e+12  4.93454144e+12  4.93454144e+12  4.93454144e+12
   4.93454144e+12  4.93454144e+12  4.93454144e+12  4.93454144e+12
   4.93454144e+12  4.93454144e+12  4.93454144e+12  4.93454144e+12
   4.93454144e+12  4.93454144e+12  4.93454144e+12  4.93454144e+12
   4.93454144e+12  4.93454144e+12  4.93454144e+12  4.93454144e+12
   4.93454144e+12  4.93454144e+12  4.93454144e+12  4.93454144e+12
   4.93454144e+12  4.93454144e+12  4.93454144e+12  4.93454144e+12
   4.93454144e+12  4.93454144e+12  4.93454144e+12  4.93454144e+12
   4.93454144e+12  4.93454144e+12  4.93454144e+12  4.93454144e+12
   4.93454144e+12  4.93454144e+12  4.93454144e+12  4.93454144e+12
   4.93454144e+12  4.93454144e+12  4.93454144e+12  4.93454144e+12
   4.93454144e+12  4.93454144e+12  4.93454144e+12  4.93454144e+12
   4.93454144e+12  4.93454144e+12  4.93454144e+12  4.93454144e+12
   4.93454144e+12  4.93454144e+12  4.93454144e+12  4.93454144e+12
   4.93454144e+12  4.93454144e+12  4.93454144e+12  4.93454144e+12
   4.93454144e+12  4.93454144e+12  4.93454144e+12  4.93454144e+12
   4.93454144e+12  4.93454144e+12  4.93454144e+12  4.93454144e+12
   4.93454144e+12  4.93454144e+12  4.93454144e+12  4.93454144e+12
   4.93454144e+12  4.93454144e+12  4.93454144e+12  4.93454144e+12
   4.93454144e+12  4.93454144e+12  4.93454144e+12  4.93454144e+12
   4.93454144e+12  4.93454144e+12  4.93454144e+12  4.93454144e+12
   4.93454144e+12  4.93454144e+12  4.93454144e+12  4.93454144e+12
   4.93454144e+12  4.93454144e+12  4.93454144e+12  4.93454144e+12
   4.93454144e+12  4.93454144e+12  4.93454144e+12  4.93454144e+12
   4.93454144e+12  4.93454144e+12  4.93454144e+12  4.93454144e+12
   4.93454144e+12  4.93454144e+12  4.93454144e+12  4.93454144e+12
   4.93454144e+12  4.93454144e+12  4.93454144e+12  4.93454144e+12
   4.93454144e+12  4.93454144e+12  4.93454144e+12  4.93454144e+12
   4.93454144e+12  4.93454144e+12  4.93454144e+12  4.93454144e+12
   4.93454144e+12  4.93454144e+12  4.93454144e+12  4.93454144e+12
   4.93454144e+12  4.93454144e+12  4.93454144e+12  4.93454144e+12
   4.93454144e+12  4.93454144e+12  4.93454144e+12  4.93454144e+12
   4.93454144e+12  4.93454144e+12  4.93454144e+12  4.93454144e+12
   4.93454144e+12  4.93454144e+12  4.93454144e+12  4.93454144e+12
   4.93454144e+12  4.93454144e+12  4.93454144e+12  4.93454144e+12
   4.93454144e+12  4.93454144e+12  4.93454144e+12  4.93454144e+12
   4.93454144e+12  4.93454144e+12  4.93454144e+12  4.93454144e+12
   4.93454144e+12  4.93454144e+12  4.93454144e+12  4.93454144e+12
   4.93454144e+12  4.93454144e+12  4.93454144e+12  4.93454144e+12
   4.93454144e+12  4.93454144e+12  4.93454144e+12  4.93454144e+12
   4.93454144e+12  4.93454144e+12  4.93454144e+12  4.93454144e+12
   4.93454144e+12  4.93454144e+12  4.93454144e+12  4.93454144e+12
   4.93454144e+12  4.93454144e+12  4.93454144e+12  4.93454144e+12
   4.93454144e+12  4.93454144e+12  4.93454144e+12  4.93454144e+12
   4.93454144e+12  4.93454144e+12  4.93454144e+12  4.93454144e+12
   4.93454144e+12  4.93454144e+12  4.93454144e+12  4.93454144e+12
   4.93454144e+12  4.93454144e+12  4.93454144e+12  4.93454144e+12
   4.93454144e+12  4.93454144e+12  4.93454144e+12  4.93454144e+12
   4.93454144e+12  4.93454144e+12  4.93454144e+12  4.93454144e+12
   4.93454144e+12  4.93454144e+12  4.93454144e+12  4.93454144e+12
   4.93454144e+12  4.93454144e+12  4.93454144e+12  4.93454144e+12]
 [ 1.01076369e+14  1.01076369e+14  1.01076369e+14  1.01076369e+14
   1.01076369e+14  1.01076369e+14  1.01076369e+14  1.01076369e+14
   1.01076369e+14  1.01076369e+14  1.01076369e+14  1.01076369e+14
   1.01076369e+14  1.01076369e+14  1.01076369e+14  1.01076369e+14
   1.01076369e+14  1.01076369e+14  1.01076369e+14  1.01076369e+14
   1.01076369e+14  1.01076369e+14  1.01076369e+14  1.01076369e+14
   1.01076369e+14  1.01076369e+14  1.01076369e+14  1.01076369e+14
   1.01076369e+14  1.01076369e+14  1.01076369e+14  1.01076369e+14
   1.01076369e+14  1.01076369e+14  1.01076369e+14  1.01076369e+14
   1.01076369e+14  1.01076369e+14  1.01076369e+14  1.01076369e+14
   1.01076369e+14  1.01076369e+14  1.01076369e+14  1.01076369e+14
   1.01076369e+14  1.01076369e+14  1.01076369e+14  1.01076369e+14
   1.01076369e+14  1.01076369e+14  1.01076369e+14  1.01076369e+14
   1.01076369e+14  1.01076369e+14  1.01076369e+14  1.01076369e+14
   1.01076369e+14  1.01076369e+14  1.01076369e+14  1.01076369e+14
   1.01076369e+14  1.01076369e+14  1.01076369e+14  1.01076369e+14
   1.01076369e+14  1.01076369e+14  1.01076369e+14  1.01076369e+14
   1.01076369e+14  1.01076369e+14  1.01076369e+14  1.01076369e+14
   1.01076369e+14  1.01076369e+14  1.01076369e+14  1.01076369e+14
   1.01076369e+14  1.01076369e+14  1.01076369e+14  1.01076369e+14
   1.01076369e+14  1.01076369e+14  1.01076369e+14  1.01076369e+14
   1.01076369e+14  1.01076369e+14  1.01076369e+14  1.01076369e+14
   1.01076369e+14  1.01076369e+14  1.01076369e+14  1.01076369e+14
   1.01076369e+14  1.01076369e+14  1.01076369e+14  1.01076369e+14
   1.01076369e+14  1.01076369e+14  1.01076369e+14  1.01076369e+14
   1.01076369e+14  1.01076369e+14  1.01076369e+14  1.01076369e+14
   1.01076369e+14  1.01076369e+14  1.01076369e+14  1.01076369e+14
   1.01076369e+14  1.01076369e+14  1.01076369e+14  1.01076369e+14
   1.01076369e+14  1.01076369e+14  1.01076369e+14  1.01076369e+14
   1.01076369e+14  1.01076369e+14  1.01076369e+14  1.01076369e+14
   1.01076369e+14  1.01076369e+14  1.01076369e+14  1.01076369e+14
   1.01076369e+14  1.01076369e+14  1.01076369e+14  1.01076369e+14
   1.01076369e+14  1.01076369e+14  1.01076369e+14  1.01076369e+14
   1.01076369e+14  1.01076369e+14  1.01076369e+14  1.01076369e+14
   1.01076369e+14  1.01076369e+14  1.01076369e+14  1.01076369e+14
   1.01076369e+14  1.01076369e+14  1.01076369e+14  1.01076369e+14
   1.01076369e+14  1.01076369e+14  1.01076369e+14  1.01076369e+14
   1.01076369e+14  1.01076369e+14  1.01076369e+14  1.01076369e+14
   1.01076369e+14  1.01076369e+14  1.01076369e+14  1.01076369e+14
   1.01076369e+14  1.01076369e+14  1.01076369e+14  1.01076369e+14
   1.01076369e+14  1.01076369e+14  1.01076369e+14  1.01076369e+14
   1.01076369e+14  1.01076369e+14  1.01076369e+14  1.01076369e+14
   1.01076369e+14  1.01076369e+14  1.01076369e+14  1.01076369e+14
   1.01076369e+14  1.01076369e+14  1.01076369e+14  1.01076369e+14
   1.01076369e+14  1.01076369e+14  1.01076369e+14  1.01076369e+14
   1.01076369e+14  1.01076369e+14  1.01076369e+14  1.01076369e+14
   1.01076369e+14  1.01076369e+14  1.01076369e+14  1.01076369e+14
   1.01076369e+14  1.01076369e+14  1.01076369e+14  1.01076369e+14
   1.01076369e+14  1.01076369e+14  1.01076369e+14  1.01076369e+14
   1.01076369e+14  1.01076369e+14  1.01076369e+14  1.01076369e+14
   1.01076369e+14  1.01076369e+14  1.01076369e+14  1.01076369e+14
   1.01076369e+14  1.01076369e+14  1.01076369e+14  1.01076369e+14
   1.01076369e+14  1.01076369e+14  1.01076369e+14  1.01076369e+14
   1.01076369e+14  1.01076369e+14  1.01076369e+14  1.01076369e+14
   1.01076369e+14  1.01076369e+14  1.01076369e+14  1.01076369e+14
   1.01076369e+14  1.01076369e+14  1.01076369e+14  1.01076369e+14
   1.01076369e+14  1.01076369e+14  1.01076369e+14  1.01076369e+14
   1.01076369e+14  1.01076369e+14  1.01076369e+14  1.01076369e+14
   1.01076369e+14  1.01076369e+14  1.01076369e+14  1.01076369e+14
   1.01076369e+14  1.01076369e+14  1.01076369e+14  1.01076369e+14
   1.01076369e+14  1.01076369e+14  1.01076369e+14  1.01076369e+14
   1.01076369e+14  1.01076369e+14  1.01076369e+14  1.01076369e+14
   1.01076369e+14  1.01076369e+14  1.01076369e+14  1.01076369e+14
   1.01076369e+14  1.01076369e+14  1.01076369e+14  1.01076369e+14
   1.01076369e+14  1.01076369e+14  1.01076369e+14  1.01076369e+14
   1.01076369e+14  1.01076369e+14  1.01076369e+14  1.01076369e+14
   1.01076369e+14  1.01076369e+14  1.01076369e+14  1.01076369e+14
   1.01076369e+14  1.01076369e+14  1.01076369e+14  1.01076369e+14
   1.01076369e+14  1.01076369e+14  1.01076369e+14  1.01076369e+14
   1.01076369e+14  1.01076369e+14  1.01076369e+14  1.01076369e+14
   1.01076369e+14  1.01076369e+14  1.01076369e+14  1.01076369e+14
   1.01076369e+14  1.01076369e+14  1.01076369e+14  1.01076369e+14
   1.01076369e+14  1.01076369e+14  1.01076369e+14  1.01076369e+14
   1.01076369e+14  1.01076369e+14  1.01076369e+14  1.01076369e+14
   1.01076369e+14  1.01076369e+14  1.01076369e+14  1.01076369e+14
   1.01076369e+14  1.01076369e+14  1.01076369e+14  1.01076369e+14
   1.01076369e+14  1.01076369e+14  1.01076369e+14  1.01076369e+14
   1.01076369e+14  1.01076369e+14  1.01076369e+14  1.01076369e+14
   1.01076369e+14  1.01076369e+14  1.01076369e+14  1.01076369e+14
   1.01076369e+14  1.01076369e+14  1.01076369e+14  1.01076369e+14
   1.01076369e+14  1.01076369e+14  1.01076369e+14  1.01076369e+14
   1.01076369e+14  1.01076369e+14  1.01076369e+14  1.01076369e+14
   1.01076369e+14  1.01076369e+14  1.01076369e+14  1.01076369e+14
   1.01076369e+14  1.01076369e+14  1.01076369e+14  1.01076369e+14
   1.01076369e+14  1.01076369e+14  1.01076369e+14  1.01076369e+14
   1.01076369e+14  1.01076369e+14  1.01076369e+14  1.01076369e+14
   1.01076369e+14  1.01076369e+14  1.01076369e+14  1.01076369e+14
   1.01076369e+14  1.01076369e+14  1.01076369e+14  1.01076369e+14
   1.01076369e+14  1.01076369e+14  1.01076369e+14  1.01076369e+14
   1.01076369e+14  1.01076369e+14  1.01076369e+14  1.01076369e+14
   1.01076369e+14  1.01076369e+14  1.01076369e+14  1.01076369e+14
   1.01076369e+14  1.01076369e+14  1.01076369e+14  1.01076369e+14
   1.01076369e+14  1.01076369e+14  1.01076369e+14  1.01076369e+14
   1.01076369e+14  1.01076369e+14  1.01076369e+14  1.01076369e+14
   1.01076369e+14  1.01076369e+14  1.01076369e+14  1.01076369e+14
   1.01076369e+14  1.01076369e+14  1.01076369e+14  1.01076369e+14
   1.01076369e+14  1.01076369e+14  1.01076369e+14  1.01076369e+14
   1.01076369e+14  1.01076369e+14  1.01076369e+14  1.01076369e+14
   1.01076369e+14  1.01076369e+14  1.01076369e+14  1.01076369e+14
   1.01076369e+14  1.01076369e+14  1.01076369e+14  1.01076369e+14]
 [ 1.42145398e+14  1.42145398e+14  1.42145398e+14  1.42145398e+14
   1.42145398e+14  1.42145398e+14  1.42145398e+14  1.42145398e+14
   1.42145398e+14  1.42145398e+14  1.42145398e+14  1.42145398e+14
   1.42145398e+14  1.42145398e+14  1.42145398e+14  1.42145398e+14
   1.42145398e+14  1.42145398e+14  1.42145398e+14  1.42145398e+14
   1.42145398e+14  1.42145398e+14  1.42145398e+14  1.42145398e+14
   1.42145398e+14  1.42145398e+14  1.42145398e+14  1.42145398e+14
   1.42145398e+14  1.42145398e+14  1.42145398e+14  1.42145398e+14
   1.42145398e+14  1.42145398e+14  1.42145398e+14  1.42145398e+14
   1.42145398e+14  1.42145398e+14  1.42145398e+14  1.42145398e+14
   1.42145398e+14  1.42145398e+14  1.42145398e+14  1.42145398e+14
   1.42145398e+14  1.42145398e+14  1.42145398e+14  1.42145398e+14
   1.42145398e+14  1.42145398e+14  1.42145398e+14  1.42145398e+14
   1.42145398e+14  1.42145398e+14  1.42145398e+14  1.42145398e+14
   1.42145398e+14  1.42145398e+14  1.42145398e+14  1.42145398e+14
   1.42145398e+14  1.42145398e+14  1.42145398e+14  1.42145398e+14
   1.42145398e+14  1.42145398e+14  1.42145398e+14  1.42145398e+14
   1.42145398e+14  1.42145398e+14  1.42145398e+14  1.42145398e+14
   1.42145398e+14  1.42145398e+14  1.42145398e+14  1.42145398e+14
   1.42145398e+14  1.42145398e+14  1.42145398e+14  1.42145398e+14
   1.42145398e+14  1.42145398e+14  1.42145398e+14  1.42145398e+14
   1.42145398e+14  1.42145398e+14  1.42145398e+14  1.42145398e+14
   1.42145398e+14  1.42145398e+14  1.42145398e+14  1.42145398e+14
   1.42145398e+14  1.42145398e+14  1.42145398e+14  1.42145398e+14
   1.42145398e+14  1.42145398e+14  1.42145398e+14  1.42145398e+14
   1.42145398e+14  1.42145398e+14  1.42145398e+14  1.42145398e+14
   1.42145398e+14  1.42145398e+14  1.42145398e+14  1.42145398e+14
   1.42145398e+14  1.42145398e+14  1.42145398e+14  1.42145398e+14
   1.42145398e+14  1.42145398e+14  1.42145398e+14  1.42145398e+14
   1.42145398e+14  1.42145398e+14  1.42145398e+14  1.42145398e+14
   1.42145398e+14  1.42145398e+14  1.42145398e+14  1.42145398e+14
   1.42145398e+14  1.42145398e+14  1.42145398e+14  1.42145398e+14
   1.42145398e+14  1.42145398e+14  1.42145398e+14  1.42145398e+14
   1.42145398e+14  1.42145398e+14  1.42145398e+14  1.42145398e+14
   1.42145398e+14  1.42145398e+14  1.42145398e+14  1.42145398e+14
   1.42145398e+14  1.42145398e+14  1.42145398e+14  1.42145398e+14
   1.42145398e+14  1.42145398e+14  1.42145398e+14  1.42145398e+14
   1.42145398e+14  1.42145398e+14  1.42145398e+14  1.42145398e+14
   1.42145398e+14  1.42145398e+14  1.42145398e+14  1.42145398e+14
   1.42145398e+14  1.42145398e+14  1.42145398e+14  1.42145398e+14
   1.42145398e+14  1.42145398e+14  1.42145398e+14  1.42145398e+14
   1.42145398e+14  1.42145398e+14  1.42145398e+14  1.42145398e+14
   1.42145398e+14  1.42145398e+14  1.42145398e+14  1.42145398e+14
   1.42145398e+14  1.42145398e+14  1.42145398e+14  1.42145398e+14
   1.42145398e+14  1.42145398e+14  1.42145398e+14  1.42145398e+14
   1.42145398e+14  1.42145398e+14  1.42145398e+14  1.42145398e+14
   1.42145398e+14  1.42145398e+14  1.42145398e+14  1.42145398e+14
   1.42145398e+14  1.42145398e+14  1.42145398e+14  1.42145398e+14
   1.42145398e+14  1.42145398e+14  1.42145398e+14  1.42145398e+14
   1.42145398e+14  1.42145398e+14  1.42145398e+14  1.42145398e+14
   1.42145398e+14  1.42145398e+14  1.42145398e+14  1.42145398e+14
   1.42145398e+14  1.42145398e+14  1.42145398e+14  1.42145398e+14
   1.42145398e+14  1.42145398e+14  1.42145398e+14  1.42145398e+14
   1.42145398e+14  1.42145398e+14  1.42145398e+14  1.42145398e+14
   1.42145398e+14  1.42145398e+14  1.42145398e+14  1.42145398e+14
   1.42145398e+14  1.42145398e+14  1.42145398e+14  1.42145398e+14
   1.42145398e+14  1.42145398e+14  1.42145398e+14  1.42145398e+14
   1.42145398e+14  1.42145398e+14  1.42145398e+14  1.42145398e+14
   1.42145398e+14  1.42145398e+14  1.42145398e+14  1.42145398e+14
   1.42145398e+14  1.42145398e+14  1.42145398e+14  1.42145398e+14
   1.42145398e+14  1.42145398e+14  1.42145398e+14  1.42145398e+14
   1.42145398e+14  1.42145398e+14  1.42145398e+14  1.42145398e+14
   1.42145398e+14  1.42145398e+14  1.42145398e+14  1.42145398e+14
   1.42145398e+14  1.42145398e+14  1.42145398e+14  1.42145398e+14
   1.42145398e+14  1.42145398e+14  1.42145398e+14  1.42145398e+14
   1.42145398e+14  1.42145398e+14  1.42145398e+14  1.42145398e+14
   1.42145398e+14  1.42145398e+14  1.42145398e+14  1.42145398e+14
   1.42145398e+14  1.42145398e+14  1.42145398e+14  1.42145398e+14
   1.42145398e+14  1.42145398e+14  1.42145398e+14  1.42145398e+14
   1.42145398e+14  1.42145398e+14  1.42145398e+14  1.42145398e+14
   1.42145398e+14  1.42145398e+14  1.42145398e+14  1.42145398e+14
   1.42145398e+14  1.42145398e+14  1.42145398e+14  1.42145398e+14
   1.42145398e+14  1.42145398e+14  1.42145398e+14  1.42145398e+14
   1.42145398e+14  1.42145398e+14  1.42145398e+14  1.42145398e+14
   1.42145398e+14  1.42145398e+14  1.42145398e+14  1.42145398e+14
   1.42145398e+14  1.42145398e+14  1.42145398e+14  1.42145398e+14
   1.42145398e+14  1.42145398e+14  1.42145398e+14  1.42145398e+14
   1.42145398e+14  1.42145398e+14  1.42145398e+14  1.42145398e+14
   1.42145398e+14  1.42145398e+14  1.42145398e+14  1.42145398e+14
   1.42145398e+14  1.42145398e+14  1.42145398e+14  1.42145398e+14
   1.42145398e+14  1.42145398e+14  1.42145398e+14  1.42145398e+14
   1.42145398e+14  1.42145398e+14  1.42145398e+14  1.42145398e+14
   1.42145398e+14  1.42145398e+14  1.42145398e+14  1.42145398e+14
   1.42145398e+14  1.42145398e+14  1.42145398e+14  1.42145398e+14
   1.42145398e+14  1.42145398e+14  1.42145398e+14  1.42145398e+14
   1.42145398e+14  1.42145398e+14  1.42145398e+14  1.42145398e+14
   1.42145398e+14  1.42145398e+14  1.42145398e+14  1.42145398e+14
   1.42145398e+14  1.42145398e+14  1.42145398e+14  1.42145398e+14
   1.42145398e+14  1.42145398e+14  1.42145398e+14  1.42145398e+14
   1.42145398e+14  1.42145398e+14  1.42145398e+14  1.42145398e+14
   1.42145398e+14  1.42145398e+14  1.42145398e+14  1.42145398e+14
   1.42145398e+14  1.42145398e+14  1.42145398e+14  1.42145398e+14
   1.42145398e+14  1.42145398e+14  1.42145398e+14  1.42145398e+14
   1.42145398e+14  1.42145398e+14  1.42145398e+14  1.42145398e+14
   1.42145398e+14  1.42145398e+14  1.42145398e+14  1.42145398e+14
   1.42145398e+14  1.42145398e+14  1.42145398e+14  1.42145398e+14
   1.42145398e+14  1.42145398e+14  1.42145398e+14  1.42145398e+14
   1.42145398e+14  1.42145398e+14  1.42145398e+14  1.42145398e+14
   1.42145398e+14  1.42145398e+14  1.42145398e+14  1.42145398e+14
   1.42145398e+14  1.42145398e+14  1.42145398e+14  1.42145398e+14]
 [ 5.09982036e+13  5.09982036e+13  5.09982036e+13  5.09982036e+13
   5.09982036e+13  5.09982036e+13  5.09982036e+13  5.09982036e+13
   5.09982036e+13  5.09982036e+13  5.09982036e+13  5.09982036e+13
   5.09982036e+13  5.09982036e+13  5.09982036e+13  5.09982036e+13
   5.09982036e+13  5.09982036e+13  5.09982036e+13  5.09982036e+13
   5.09982036e+13  5.09982036e+13  5.09982036e+13  5.09982036e+13
   5.09982036e+13  5.09982036e+13  5.09982036e+13  5.09982036e+13
   5.09982036e+13  5.09982036e+13  5.09982036e+13  5.09982036e+13
   5.09982036e+13  5.09982036e+13  5.09982036e+13  5.09982036e+13
   5.09982036e+13  5.09982036e+13  5.09982036e+13  5.09982036e+13
   5.09982036e+13  5.09982036e+13  5.09982036e+13  5.09982036e+13
   5.09982036e+13  5.09982036e+13  5.09982036e+13  5.09982036e+13
   5.09982036e+13  5.09982036e+13  5.09982036e+13  5.09982036e+13
   5.09982036e+13  5.09982036e+13  5.09982036e+13  5.09982036e+13
   5.09982036e+13  5.09982036e+13  5.09982036e+13  5.09982036e+13
   5.09982036e+13  5.09982036e+13  5.09982036e+13  5.09982036e+13
   5.09982036e+13  5.09982036e+13  5.09982036e+13  5.09982036e+13
   5.09982036e+13  5.09982036e+13  5.09982036e+13  5.09982036e+13
   5.09982036e+13  5.09982036e+13  5.09982036e+13  5.09982036e+13
   5.09982036e+13  5.09982036e+13  5.09982036e+13  5.09982036e+13
   5.09982036e+13  5.09982036e+13  5.09982036e+13  5.09982036e+13
   5.09982036e+13  5.09982036e+13  5.09982036e+13  5.09982036e+13
   5.09982036e+13  5.09982036e+13  5.09982036e+13  5.09982036e+13
   5.09982036e+13  5.09982036e+13  5.09982036e+13  5.09982036e+13
   5.09982036e+13  5.09982036e+13  5.09982036e+13  5.09982036e+13
   5.09982036e+13  5.09982036e+13  5.09982036e+13  5.09982036e+13
   5.09982036e+13  5.09982036e+13  5.09982036e+13  5.09982036e+13
   5.09982036e+13  5.09982036e+13  5.09982036e+13  5.09982036e+13
   5.09982036e+13  5.09982036e+13  5.09982036e+13  5.09982036e+13
   5.09982036e+13  5.09982036e+13  5.09982036e+13  5.09982036e+13
   5.09982036e+13  5.09982036e+13  5.09982036e+13  5.09982036e+13
   5.09982036e+13  5.09982036e+13  5.09982036e+13  5.09982036e+13
   5.09982036e+13  5.09982036e+13  5.09982036e+13  5.09982036e+13
   5.09982036e+13  5.09982036e+13  5.09982036e+13  5.09982036e+13
   5.09982036e+13  5.09982036e+13  5.09982036e+13  5.09982036e+13
   5.09982036e+13  5.09982036e+13  5.09982036e+13  5.09982036e+13
   5.09982036e+13  5.09982036e+13  5.09982036e+13  5.09982036e+13
   5.09982036e+13  5.09982036e+13  5.09982036e+13  5.09982036e+13
   5.09982036e+13  5.09982036e+13  5.09982036e+13  5.09982036e+13
   5.09982036e+13  5.09982036e+13  5.09982036e+13  5.09982036e+13
   5.09982036e+13  5.09982036e+13  5.09982036e+13  5.09982036e+13
   5.09982036e+13  5.09982036e+13  5.09982036e+13  5.09982036e+13
   5.09982036e+13  5.09982036e+13  5.09982036e+13  5.09982036e+13
   5.09982036e+13  5.09982036e+13  5.09982036e+13  5.09982036e+13
   5.09982036e+13  5.09982036e+13  5.09982036e+13  5.09982036e+13
   5.09982036e+13  5.09982036e+13  5.09982036e+13  5.09982036e+13
   5.09982036e+13  5.09982036e+13  5.09982036e+13  5.09982036e+13
   5.09982036e+13  5.09982036e+13  5.09982036e+13  5.09982036e+13
   5.09982036e+13  5.09982036e+13  5.09982036e+13  5.09982036e+13
   5.09982036e+13  5.09982036e+13  5.09982036e+13  5.09982036e+13
   5.09982036e+13  5.09982036e+13  5.09982036e+13  5.09982036e+13
   5.09982036e+13  5.09982036e+13  5.09982036e+13  5.09982036e+13
   5.09982036e+13  5.09982036e+13  5.09982036e+13  5.09982036e+13
   5.09982036e+13  5.09982036e+13  5.09982036e+13  5.09982036e+13
   5.09982036e+13  5.09982036e+13  5.09982036e+13  5.09982036e+13
   5.09982036e+13  5.09982036e+13  5.09982036e+13  5.09982036e+13
   5.09982036e+13  5.09982036e+13  5.09982036e+13  5.09982036e+13
   5.09982036e+13  5.09982036e+13  5.09982036e+13  5.09982036e+13
   5.09982036e+13  5.09982036e+13  5.09982036e+13  5.09982036e+13
   5.09982036e+13  5.09982036e+13  5.09982036e+13  5.09982036e+13
   5.09982036e+13  5.09982036e+13  5.09982036e+13  5.09982036e+13
   5.09982036e+13  5.09982036e+13  5.09982036e+13  5.09982036e+13
   5.09982036e+13  5.09982036e+13  5.09982036e+13  5.09982036e+13
   5.09982036e+13  5.09982036e+13  5.09982036e+13  5.09982036e+13
   5.09982036e+13  5.09982036e+13  5.09982036e+13  5.09982036e+13
   5.09982036e+13  5.09982036e+13  5.09982036e+13  5.09982036e+13
   5.09982036e+13  5.09982036e+13  5.09982036e+13  5.09982036e+13
   5.09982036e+13  5.09982036e+13  5.09982036e+13  5.09982036e+13
   5.09982036e+13  5.09982036e+13  5.09982036e+13  5.09982036e+13
   5.09982036e+13  5.09982036e+13  5.09982036e+13  5.09982036e+13
   5.09982036e+13  5.09982036e+13  5.09982036e+13  5.09982036e+13
   5.09982036e+13  5.09982036e+13  5.09982036e+13  5.09982036e+13
   5.09982036e+13  5.09982036e+13  5.09982036e+13  5.09982036e+13
   5.09982036e+13  5.09982036e+13  5.09982036e+13  5.09982036e+13
   5.09982036e+13  5.09982036e+13  5.09982036e+13  5.09982036e+13
   5.09982036e+13  5.09982036e+13  5.09982036e+13  5.09982036e+13
   5.09982036e+13  5.09982036e+13  5.09982036e+13  5.09982036e+13
   5.09982036e+13  5.09982036e+13  5.09982036e+13  5.09982036e+13
   5.09982036e+13  5.09982036e+13  5.09982036e+13  5.09982036e+13
   5.09982036e+13  5.09982036e+13  5.09982036e+13  5.09982036e+13
   5.09982036e+13  5.09982036e+13  5.09982036e+13  5.09982036e+13
   5.09982036e+13  5.09982036e+13  5.09982036e+13  5.09982036e+13
   5.09982036e+13  5.09982036e+13  5.09982036e+13  5.09982036e+13
   5.09982036e+13  5.09982036e+13  5.09982036e+13  5.09982036e+13
   5.09982036e+13  5.09982036e+13  5.09982036e+13  5.09982036e+13
   5.09982036e+13  5.09982036e+13  5.09982036e+13  5.09982036e+13
   5.09982036e+13  5.09982036e+13  5.09982036e+13  5.09982036e+13
   5.09982036e+13  5.09982036e+13  5.09982036e+13  5.09982036e+13
   5.09982036e+13  5.09982036e+13  5.09982036e+13  5.09982036e+13
   5.09982036e+13  5.09982036e+13  5.09982036e+13  5.09982036e+13
   5.09982036e+13  5.09982036e+13  5.09982036e+13  5.09982036e+13
   5.09982036e+13  5.09982036e+13  5.09982036e+13  5.09982036e+13
   5.09982036e+13  5.09982036e+13  5.09982036e+13  5.09982036e+13
   5.09982036e+13  5.09982036e+13  5.09982036e+13  5.09982036e+13
   5.09982036e+13  5.09982036e+13  5.09982036e+13  5.09982036e+13
   5.09982036e+13  5.09982036e+13  5.09982036e+13  5.09982036e+13
   5.09982036e+13  5.09982036e+13  5.09982036e+13  5.09982036e+13
   5.09982036e+13  5.09982036e+13  5.09982036e+13  5.09982036e+13
   5.09982036e+13  5.09982036e+13  5.09982036e+13  5.09982036e+13
   5.09982036e+13  5.09982036e+13  5.09982036e+13  5.09982036e+13]
 [ 3.05288811e+13  3.05288811e+13  3.05288811e+13  3.05288811e+13
   3.05288811e+13  3.05288811e+13  3.05288811e+13  3.05288811e+13
   3.05288811e+13  3.05288811e+13  3.05288811e+13  3.05288811e+13
   3.05288811e+13  3.05288811e+13  3.05288811e+13  3.05288811e+13
   3.05288811e+13  3.05288811e+13  3.05288811e+13  3.05288811e+13
   3.05288811e+13  3.05288811e+13  3.05288811e+13  3.05288811e+13
   3.05288811e+13  3.05288811e+13  3.05288811e+13  3.05288811e+13
   3.05288811e+13  3.05288811e+13  3.05288811e+13  3.05288811e+13
   3.05288811e+13  3.05288811e+13  3.05288811e+13  3.05288811e+13
   3.05288811e+13  3.05288811e+13  3.05288811e+13  3.05288811e+13
   3.05288811e+13  3.05288811e+13  3.05288811e+13  3.05288811e+13
   3.05288811e+13  3.05288811e+13  3.05288811e+13  3.05288811e+13
   3.05288811e+13  3.05288811e+13  3.05288811e+13  3.05288811e+13
   3.05288811e+13  3.05288811e+13  3.05288811e+13  3.05288811e+13
   3.05288811e+13  3.05288811e+13  3.05288811e+13  3.05288811e+13
   3.05288811e+13  3.05288811e+13  3.05288811e+13  3.05288811e+13
   3.05288811e+13  3.05288811e+13  3.05288811e+13  3.05288811e+13
   3.05288811e+13  3.05288811e+13  3.05288811e+13  3.05288811e+13
   3.05288811e+13  3.05288811e+13  3.05288811e+13  3.05288811e+13
   3.05288811e+13  3.05288811e+13  3.05288811e+13  3.05288811e+13
   3.05288811e+13  3.05288811e+13  3.05288811e+13  3.05288811e+13
   3.05288811e+13  3.05288811e+13  3.05288811e+13  3.05288811e+13
   3.05288811e+13  3.05288811e+13  3.05288811e+13  3.05288811e+13
   3.05288811e+13  3.05288811e+13  3.05288811e+13  3.05288811e+13
   3.05288811e+13  3.05288811e+13  3.05288811e+13  3.05288811e+13
   3.05288811e+13  3.05288811e+13  3.05288811e+13  3.05288811e+13
   3.05288811e+13  3.05288811e+13  3.05288811e+13  3.05288811e+13
   3.05288811e+13  3.05288811e+13  3.05288811e+13  3.05288811e+13
   3.05288811e+13  3.05288811e+13  3.05288811e+13  3.05288811e+13
   3.05288811e+13  3.05288811e+13  3.05288811e+13  3.05288811e+13
   3.05288811e+13  3.05288811e+13  3.05288811e+13  3.05288811e+13
   3.05288811e+13  3.05288811e+13  3.05288811e+13  3.05288811e+13
   3.05288811e+13  3.05288811e+13  3.05288811e+13  3.05288811e+13
   3.05288811e+13  3.05288811e+13  3.05288811e+13  3.05288811e+13
   3.05288811e+13  3.05288811e+13  3.05288811e+13  3.05288811e+13
   3.05288811e+13  3.05288811e+13  3.05288811e+13  3.05288811e+13
   3.05288811e+13  3.05288811e+13  3.05288811e+13  3.05288811e+13
   3.05288811e+13  3.05288811e+13  3.05288811e+13  3.05288811e+13
   3.05288811e+13  3.05288811e+13  3.05288811e+13  3.05288811e+13
   3.05288811e+13  3.05288811e+13  3.05288811e+13  3.05288811e+13
   3.05288811e+13  3.05288811e+13  3.05288811e+13  3.05288811e+13
   3.05288811e+13  3.05288811e+13  3.05288811e+13  3.05288811e+13
   3.05288811e+13  3.05288811e+13  3.05288811e+13  3.05288811e+13
   3.05288811e+13  3.05288811e+13  3.05288811e+13  3.05288811e+13
   3.05288811e+13  3.05288811e+13  3.05288811e+13  3.05288811e+13
   3.05288811e+13  3.05288811e+13  3.05288811e+13  3.05288811e+13
   3.05288811e+13  3.05288811e+13  3.05288811e+13  3.05288811e+13
   3.05288811e+13  3.05288811e+13  3.05288811e+13  3.05288811e+13
   3.05288811e+13  3.05288811e+13  3.05288811e+13  3.05288811e+13
   3.05288811e+13  3.05288811e+13  3.05288811e+13  3.05288811e+13
   3.05288811e+13  3.05288811e+13  3.05288811e+13  3.05288811e+13
   3.05288811e+13  3.05288811e+13  3.05288811e+13  3.05288811e+13
   3.05288811e+13  3.05288811e+13  3.05288811e+13  3.05288811e+13
   3.05288811e+13  3.05288811e+13  3.05288811e+13  3.05288811e+13
   3.05288811e+13  3.05288811e+13  3.05288811e+13  3.05288811e+13
   3.05288811e+13  3.05288811e+13  3.05288811e+13  3.05288811e+13
   3.05288811e+13  3.05288811e+13  3.05288811e+13  3.05288811e+13
   3.05288811e+13  3.05288811e+13  3.05288811e+13  3.05288811e+13
   3.05288811e+13  3.05288811e+13  3.05288811e+13  3.05288811e+13
   3.05288811e+13  3.05288811e+13  3.05288811e+13  3.05288811e+13
   3.05288811e+13  3.05288811e+13  3.05288811e+13  3.05288811e+13
   3.05288811e+13  3.05288811e+13  3.05288811e+13  3.05288811e+13
   3.05288811e+13  3.05288811e+13  3.05288811e+13  3.05288811e+13
   3.05288811e+13  3.05288811e+13  3.05288811e+13  3.05288811e+13
   3.05288811e+13  3.05288811e+13  3.05288811e+13  3.05288811e+13
   3.05288811e+13  3.05288811e+13  3.05288811e+13  3.05288811e+13
   3.05288811e+13  3.05288811e+13  3.05288811e+13  3.05288811e+13
   3.05288811e+13  3.05288811e+13  3.05288811e+13  3.05288811e+13
   3.05288811e+13  3.05288811e+13  3.05288811e+13  3.05288811e+13
   3.05288811e+13  3.05288811e+13  3.05288811e+13  3.05288811e+13
   3.05288811e+13  3.05288811e+13  3.05288811e+13  3.05288811e+13
   3.05288811e+13  3.05288811e+13  3.05288811e+13  3.05288811e+13
   3.05288811e+13  3.05288811e+13  3.05288811e+13  3.05288811e+13
   3.05288811e+13  3.05288811e+13  3.05288811e+13  3.05288811e+13
   3.05288811e+13  3.05288811e+13  3.05288811e+13  3.05288811e+13
   3.05288811e+13  3.05288811e+13  3.05288811e+13  3.05288811e+13
   3.05288811e+13  3.05288811e+13  3.05288811e+13  3.05288811e+13
   3.05288811e+13  3.05288811e+13  3.05288811e+13  3.05288811e+13
   3.05288811e+13  3.05288811e+13  3.05288811e+13  3.05288811e+13
   3.05288811e+13  3.05288811e+13  3.05288811e+13  3.05288811e+13
   3.05288811e+13  3.05288811e+13  3.05288811e+13  3.05288811e+13
   3.05288811e+13  3.05288811e+13  3.05288811e+13  3.05288811e+13
   3.05288811e+13  3.05288811e+13  3.05288811e+13  3.05288811e+13
   3.05288811e+13  3.05288811e+13  3.05288811e+13  3.05288811e+13
   3.05288811e+13  3.05288811e+13  3.05288811e+13  3.05288811e+13
   3.05288811e+13  3.05288811e+13  3.05288811e+13  3.05288811e+13
   3.05288811e+13  3.05288811e+13  3.05288811e+13  3.05288811e+13
   3.05288811e+13  3.05288811e+13  3.05288811e+13  3.05288811e+13
   3.05288811e+13  3.05288811e+13  3.05288811e+13  3.05288811e+13
   3.05288811e+13  3.05288811e+13  3.05288811e+13  3.05288811e+13
   3.05288811e+13  3.05288811e+13  3.05288811e+13  3.05288811e+13
   3.05288811e+13  3.05288811e+13  3.05288811e+13  3.05288811e+13
   3.05288811e+13  3.05288811e+13  3.05288811e+13  3.05288811e+13
   3.05288811e+13  3.05288811e+13  3.05288811e+13  3.05288811e+13
   3.05288811e+13  3.05288811e+13  3.05288811e+13  3.05288811e+13
   3.05288811e+13  3.05288811e+13  3.05288811e+13  3.05288811e+13
   3.05288811e+13  3.05288811e+13  3.05288811e+13  3.05288811e+13
   3.05288811e+13  3.05288811e+13  3.05288811e+13  3.05288811e+13
   3.05288811e+13  3.05288811e+13  3.05288811e+13  3.05288811e+13
   3.05288811e+13  3.05288811e+13  3.05288811e+13  3.05288811e+13]
 [ 2.48484715e+13  2.48484715e+13  2.48484715e+13  2.48484715e+13
   2.48484715e+13  2.48484715e+13  2.48484715e+13  2.48484715e+13
   2.48484715e+13  2.48484715e+13  2.48484715e+13  2.48484715e+13
   2.48484715e+13  2.48484715e+13  2.48484715e+13  2.48484715e+13
   2.48484715e+13  2.48484715e+13  2.48484715e+13  2.48484715e+13
   2.48484715e+13  2.48484715e+13  2.48484715e+13  2.48484715e+13
   2.48484715e+13  2.48484715e+13  2.48484715e+13  2.48484715e+13
   2.48484715e+13  2.48484715e+13  2.48484715e+13  2.48484715e+13
   2.48484715e+13  2.48484715e+13  2.48484715e+13  2.48484715e+13
   2.48484715e+13  2.48484715e+13  2.48484715e+13  2.48484715e+13
   2.48484715e+13  2.48484715e+13  2.48484715e+13  2.48484715e+13
   2.48484715e+13  2.48484715e+13  2.48484715e+13  2.48484715e+13
   2.48484715e+13  2.48484715e+13  2.48484715e+13  2.48484715e+13
   2.48484715e+13  2.48484715e+13  2.48484715e+13  2.48484715e+13
   2.48484715e+13  2.48484715e+13  2.48484715e+13  2.48484715e+13
   2.48484715e+13  2.48484715e+13  2.48484715e+13  2.48484715e+13
   2.48484715e+13  2.48484715e+13  2.48484715e+13  2.48484715e+13
   2.48484715e+13  2.48484715e+13  2.48484715e+13  2.48484715e+13
   2.48484715e+13  2.48484715e+13  2.48484715e+13  2.48484715e+13
   2.48484715e+13  2.48484715e+13  2.48484715e+13  2.48484715e+13
   2.48484715e+13  2.48484715e+13  2.48484715e+13  2.48484715e+13
   2.48484715e+13  2.48484715e+13  2.48484715e+13  2.48484715e+13
   2.48484715e+13  2.48484715e+13  2.48484715e+13  2.48484715e+13
   2.48484715e+13  2.48484715e+13  2.48484715e+13  2.48484715e+13
   2.48484715e+13  2.48484715e+13  2.48484715e+13  2.48484715e+13
   2.48484715e+13  2.48484715e+13  2.48484715e+13  2.48484715e+13
   2.48484715e+13  2.48484715e+13  2.48484715e+13  2.48484715e+13
   2.48484715e+13  2.48484715e+13  2.48484715e+13  2.48484715e+13
   2.48484715e+13  2.48484715e+13  2.48484715e+13  2.48484715e+13
   2.48484715e+13  2.48484715e+13  2.48484715e+13  2.48484715e+13
   2.48484715e+13  2.48484715e+13  2.48484715e+13  2.48484715e+13
   2.48484715e+13  2.48484715e+13  2.48484715e+13  2.48484715e+13
   2.48484715e+13  2.48484715e+13  2.48484715e+13  2.48484715e+13
   2.48484715e+13  2.48484715e+13  2.48484715e+13  2.48484715e+13
   2.48484715e+13  2.48484715e+13  2.48484715e+13  2.48484715e+13
   2.48484715e+13  2.48484715e+13  2.48484715e+13  2.48484715e+13
   2.48484715e+13  2.48484715e+13  2.48484715e+13  2.48484715e+13
   2.48484715e+13  2.48484715e+13  2.48484715e+13  2.48484715e+13
   2.48484715e+13  2.48484715e+13  2.48484715e+13  2.48484715e+13
   2.48484715e+13  2.48484715e+13  2.48484715e+13  2.48484715e+13
   2.48484715e+13  2.48484715e+13  2.48484715e+13  2.48484715e+13
   2.48484715e+13  2.48484715e+13  2.48484715e+13  2.48484715e+13
   2.48484715e+13  2.48484715e+13  2.48484715e+13  2.48484715e+13
   2.48484715e+13  2.48484715e+13  2.48484715e+13  2.48484715e+13
   2.48484715e+13  2.48484715e+13  2.48484715e+13  2.48484715e+13
   2.48484715e+13  2.48484715e+13  2.48484715e+13  2.48484715e+13
   2.48484715e+13  2.48484715e+13  2.48484715e+13  2.48484715e+13
   2.48484715e+13  2.48484715e+13  2.48484715e+13  2.48484715e+13
   2.48484715e+13  2.48484715e+13  2.48484715e+13  2.48484715e+13
   2.48484715e+13  2.48484715e+13  2.48484715e+13  2.48484715e+13
   2.48484715e+13  2.48484715e+13  2.48484715e+13  2.48484715e+13
   2.48484715e+13  2.48484715e+13  2.48484715e+13  2.48484715e+13
   2.48484715e+13  2.48484715e+13  2.48484715e+13  2.48484715e+13
   2.48484715e+13  2.48484715e+13  2.48484715e+13  2.48484715e+13
   2.48484715e+13  2.48484715e+13  2.48484715e+13  2.48484715e+13
   2.48484715e+13  2.48484715e+13  2.48484715e+13  2.48484715e+13
   2.48484715e+13  2.48484715e+13  2.48484715e+13  2.48484715e+13
   2.48484715e+13  2.48484715e+13  2.48484715e+13  2.48484715e+13
   2.48484715e+13  2.48484715e+13  2.48484715e+13  2.48484715e+13
   2.48484715e+13  2.48484715e+13  2.48484715e+13  2.48484715e+13
   2.48484715e+13  2.48484715e+13  2.48484715e+13  2.48484715e+13
   2.48484715e+13  2.48484715e+13  2.48484715e+13  2.48484715e+13
   2.48484715e+13  2.48484715e+13  2.48484715e+13  2.48484715e+13
   2.48484715e+13  2.48484715e+13  2.48484715e+13  2.48484715e+13
   2.48484715e+13  2.48484715e+13  2.48484715e+13  2.48484715e+13
   2.48484715e+13  2.48484715e+13  2.48484715e+13  2.48484715e+13
   2.48484715e+13  2.48484715e+13  2.48484715e+13  2.48484715e+13
   2.48484715e+13  2.48484715e+13  2.48484715e+13  2.48484715e+13
   2.48484715e+13  2.48484715e+13  2.48484715e+13  2.48484715e+13
   2.48484715e+13  2.48484715e+13  2.48484715e+13  2.48484715e+13
   2.48484715e+13  2.48484715e+13  2.48484715e+13  2.48484715e+13
   2.48484715e+13  2.48484715e+13  2.48484715e+13  2.48484715e+13
   2.48484715e+13  2.48484715e+13  2.48484715e+13  2.48484715e+13
   2.48484715e+13  2.48484715e+13  2.48484715e+13  2.48484715e+13
   2.48484715e+13  2.48484715e+13  2.48484715e+13  2.48484715e+13
   2.48484715e+13  2.48484715e+13  2.48484715e+13  2.48484715e+13
   2.48484715e+13  2.48484715e+13  2.48484715e+13  2.48484715e+13
   2.48484715e+13  2.48484715e+13  2.48484715e+13  2.48484715e+13
   2.48484715e+13  2.48484715e+13  2.48484715e+13  2.48484715e+13
   2.48484715e+13  2.48484715e+13  2.48484715e+13  2.48484715e+13
   2.48484715e+13  2.48484715e+13  2.48484715e+13  2.48484715e+13
   2.48484715e+13  2.48484715e+13  2.48484715e+13  2.48484715e+13
   2.48484715e+13  2.48484715e+13  2.48484715e+13  2.48484715e+13
   2.48484715e+13  2.48484715e+13  2.48484715e+13  2.48484715e+13
   2.48484715e+13  2.48484715e+13  2.48484715e+13  2.48484715e+13
   2.48484715e+13  2.48484715e+13  2.48484715e+13  2.48484715e+13
   2.48484715e+13  2.48484715e+13  2.48484715e+13  2.48484715e+13
   2.48484715e+13  2.48484715e+13  2.48484715e+13  2.48484715e+13
   2.48484715e+13  2.48484715e+13  2.48484715e+13  2.48484715e+13
   2.48484715e+13  2.48484715e+13  2.48484715e+13  2.48484715e+13
   2.48484715e+13  2.48484715e+13  2.48484715e+13  2.48484715e+13
   2.48484715e+13  2.48484715e+13  2.48484715e+13  2.48484715e+13
   2.48484715e+13  2.48484715e+13  2.48484715e+13  2.48484715e+13
   2.48484715e+13  2.48484715e+13  2.48484715e+13  2.48484715e+13
   2.48484715e+13  2.48484715e+13  2.48484715e+13  2.48484715e+13
   2.48484715e+13  2.48484715e+13  2.48484715e+13  2.48484715e+13
   2.48484715e+13  2.48484715e+13  2.48484715e+13  2.48484715e+13
   2.48484715e+13  2.48484715e+13  2.48484715e+13  2.48484715e+13
   2.48484715e+13  2.48484715e+13  2.48484715e+13  2.48484715e+13
   2.48484715e+13  2.48484715e+13  2.48484715e+13  2.48484715e+13]
 [-1.50579150e+13 -1.50579150e+13 -1.50579150e+13 -1.50579150e+13
  -1.50579150e+13 -1.50579150e+13 -1.50579150e+13 -1.50579150e+13
  -1.50579150e+13 -1.50579150e+13 -1.50579150e+13 -1.50579150e+13
  -1.50579150e+13 -1.50579150e+13 -1.50579150e+13 -1.50579150e+13
  -1.50579150e+13 -1.50579150e+13 -1.50579150e+13 -1.50579150e+13
  -1.50579150e+13 -1.50579150e+13 -1.50579150e+13 -1.50579150e+13
  -1.50579150e+13 -1.50579150e+13 -1.50579150e+13 -1.50579150e+13
  -1.50579150e+13 -1.50579150e+13 -1.50579150e+13 -1.50579150e+13
  -1.50579150e+13 -1.50579150e+13 -1.50579150e+13 -1.50579150e+13
  -1.50579150e+13 -1.50579150e+13 -1.50579150e+13 -1.50579150e+13
  -1.50579150e+13 -1.50579150e+13 -1.50579150e+13 -1.50579150e+13
  -1.50579150e+13 -1.50579150e+13 -1.50579150e+13 -1.50579150e+13
  -1.50579150e+13 -1.50579150e+13 -1.50579150e+13 -1.50579150e+13
  -1.50579150e+13 -1.50579150e+13 -1.50579150e+13 -1.50579150e+13
  -1.50579150e+13 -1.50579150e+13 -1.50579150e+13 -1.50579150e+13
  -1.50579150e+13 -1.50579150e+13 -1.50579150e+13 -1.50579150e+13
  -1.50579150e+13 -1.50579150e+13 -1.50579150e+13 -1.50579150e+13
  -1.50579150e+13 -1.50579150e+13 -1.50579150e+13 -1.50579150e+13
  -1.50579150e+13 -1.50579150e+13 -1.50579150e+13 -1.50579150e+13
  -1.50579150e+13 -1.50579150e+13 -1.50579150e+13 -1.50579150e+13
  -1.50579150e+13 -1.50579150e+13 -1.50579150e+13 -1.50579150e+13
  -1.50579150e+13 -1.50579150e+13 -1.50579150e+13 -1.50579150e+13
  -1.50579150e+13 -1.50579150e+13 -1.50579150e+13 -1.50579150e+13
  -1.50579150e+13 -1.50579150e+13 -1.50579150e+13 -1.50579150e+13
  -1.50579150e+13 -1.50579150e+13 -1.50579150e+13 -1.50579150e+13
  -1.50579150e+13 -1.50579150e+13 -1.50579150e+13 -1.50579150e+13
  -1.50579150e+13 -1.50579150e+13 -1.50579150e+13 -1.50579150e+13
  -1.50579150e+13 -1.50579150e+13 -1.50579150e+13 -1.50579150e+13
  -1.50579150e+13 -1.50579150e+13 -1.50579150e+13 -1.50579150e+13
  -1.50579150e+13 -1.50579150e+13 -1.50579150e+13 -1.50579150e+13
  -1.50579150e+13 -1.50579150e+13 -1.50579150e+13 -1.50579150e+13
  -1.50579150e+13 -1.50579150e+13 -1.50579150e+13 -1.50579150e+13
  -1.50579150e+13 -1.50579150e+13 -1.50579150e+13 -1.50579150e+13
  -1.50579150e+13 -1.50579150e+13 -1.50579150e+13 -1.50579150e+13
  -1.50579150e+13 -1.50579150e+13 -1.50579150e+13 -1.50579150e+13
  -1.50579150e+13 -1.50579150e+13 -1.50579150e+13 -1.50579150e+13
  -1.50579150e+13 -1.50579150e+13 -1.50579150e+13 -1.50579150e+13
  -1.50579150e+13 -1.50579150e+13 -1.50579150e+13 -1.50579150e+13
  -1.50579150e+13 -1.50579150e+13 -1.50579150e+13 -1.50579150e+13
  -1.50579150e+13 -1.50579150e+13 -1.50579150e+13 -1.50579150e+13
  -1.50579150e+13 -1.50579150e+13 -1.50579150e+13 -1.50579150e+13
  -1.50579150e+13 -1.50579150e+13 -1.50579150e+13 -1.50579150e+13
  -1.50579150e+13 -1.50579150e+13 -1.50579150e+13 -1.50579150e+13
  -1.50579150e+13 -1.50579150e+13 -1.50579150e+13 -1.50579150e+13
  -1.50579150e+13 -1.50579150e+13 -1.50579150e+13 -1.50579150e+13
  -1.50579150e+13 -1.50579150e+13 -1.50579150e+13 -1.50579150e+13
  -1.50579150e+13 -1.50579150e+13 -1.50579150e+13 -1.50579150e+13
  -1.50579150e+13 -1.50579150e+13 -1.50579150e+13 -1.50579150e+13
  -1.50579150e+13 -1.50579150e+13 -1.50579150e+13 -1.50579150e+13
  -1.50579150e+13 -1.50579150e+13 -1.50579150e+13 -1.50579150e+13
  -1.50579150e+13 -1.50579150e+13 -1.50579150e+13 -1.50579150e+13
  -1.50579150e+13 -1.50579150e+13 -1.50579150e+13 -1.50579150e+13
  -1.50579150e+13 -1.50579150e+13 -1.50579150e+13 -1.50579150e+13
  -1.50579150e+13 -1.50579150e+13 -1.50579150e+13 -1.50579150e+13
  -1.50579150e+13 -1.50579150e+13 -1.50579150e+13 -1.50579150e+13
  -1.50579150e+13 -1.50579150e+13 -1.50579150e+13 -1.50579150e+13
  -1.50579150e+13 -1.50579150e+13 -1.50579150e+13 -1.50579150e+13
  -1.50579150e+13 -1.50579150e+13 -1.50579150e+13 -1.50579150e+13
  -1.50579150e+13 -1.50579150e+13 -1.50579150e+13 -1.50579150e+13
  -1.50579150e+13 -1.50579150e+13 -1.50579150e+13 -1.50579150e+13
  -1.50579150e+13 -1.50579150e+13 -1.50579150e+13 -1.50579150e+13
  -1.50579150e+13 -1.50579150e+13 -1.50579150e+13 -1.50579150e+13
  -1.50579150e+13 -1.50579150e+13 -1.50579150e+13 -1.50579150e+13
  -1.50579150e+13 -1.50579150e+13 -1.50579150e+13 -1.50579150e+13
  -1.50579150e+13 -1.50579150e+13 -1.50579150e+13 -1.50579150e+13
  -1.50579150e+13 -1.50579150e+13 -1.50579150e+13 -1.50579150e+13
  -1.50579150e+13 -1.50579150e+13 -1.50579150e+13 -1.50579150e+13
  -1.50579150e+13 -1.50579150e+13 -1.50579150e+13 -1.50579150e+13
  -1.50579150e+13 -1.50579150e+13 -1.50579150e+13 -1.50579150e+13
  -1.50579150e+13 -1.50579150e+13 -1.50579150e+13 -1.50579150e+13
  -1.50579150e+13 -1.50579150e+13 -1.50579150e+13 -1.50579150e+13
  -1.50579150e+13 -1.50579150e+13 -1.50579150e+13 -1.50579150e+13
  -1.50579150e+13 -1.50579150e+13 -1.50579150e+13 -1.50579150e+13
  -1.50579150e+13 -1.50579150e+13 -1.50579150e+13 -1.50579150e+13
  -1.50579150e+13 -1.50579150e+13 -1.50579150e+13 -1.50579150e+13
  -1.50579150e+13 -1.50579150e+13 -1.50579150e+13 -1.50579150e+13
  -1.50579150e+13 -1.50579150e+13 -1.50579150e+13 -1.50579150e+13
  -1.50579150e+13 -1.50579150e+13 -1.50579150e+13 -1.50579150e+13
  -1.50579150e+13 -1.50579150e+13 -1.50579150e+13 -1.50579150e+13
  -1.50579150e+13 -1.50579150e+13 -1.50579150e+13 -1.50579150e+13
  -1.50579150e+13 -1.50579150e+13 -1.50579150e+13 -1.50579150e+13
  -1.50579150e+13 -1.50579150e+13 -1.50579150e+13 -1.50579150e+13
  -1.50579150e+13 -1.50579150e+13 -1.50579150e+13 -1.50579150e+13
  -1.50579150e+13 -1.50579150e+13 -1.50579150e+13 -1.50579150e+13
  -1.50579150e+13 -1.50579150e+13 -1.50579150e+13 -1.50579150e+13
  -1.50579150e+13 -1.50579150e+13 -1.50579150e+13 -1.50579150e+13
  -1.50579150e+13 -1.50579150e+13 -1.50579150e+13 -1.50579150e+13
  -1.50579150e+13 -1.50579150e+13 -1.50579150e+13 -1.50579150e+13
  -1.50579150e+13 -1.50579150e+13 -1.50579150e+13 -1.50579150e+13
  -1.50579150e+13 -1.50579150e+13 -1.50579150e+13 -1.50579150e+13
  -1.50579150e+13 -1.50579150e+13 -1.50579150e+13 -1.50579150e+13
  -1.50579150e+13 -1.50579150e+13 -1.50579150e+13 -1.50579150e+13
  -1.50579150e+13 -1.50579150e+13 -1.50579150e+13 -1.50579150e+13
  -1.50579150e+13 -1.50579150e+13 -1.50579150e+13 -1.50579150e+13
  -1.50579150e+13 -1.50579150e+13 -1.50579150e+13 -1.50579150e+13
  -1.50579150e+13 -1.50579150e+13 -1.50579150e+13 -1.50579150e+13
  -1.50579150e+13 -1.50579150e+13 -1.50579150e+13 -1.50579150e+13
  -1.50579150e+13 -1.50579150e+13 -1.50579150e+13 -1.50579150e+13
  -1.50579150e+13 -1.50579150e+13 -1.50579150e+13 -1.50579150e+13
  -1.50579150e+13 -1.50579150e+13 -1.50579150e+13 -1.50579150e+13]
 [-6.50580528e+13 -6.50580528e+13 -6.50580528e+13 -6.50580528e+13
  -6.50580528e+13 -6.50580528e+13 -6.50580528e+13 -6.50580528e+13
  -6.50580528e+13 -6.50580528e+13 -6.50580528e+13 -6.50580528e+13
  -6.50580528e+13 -6.50580528e+13 -6.50580528e+13 -6.50580528e+13
  -6.50580528e+13 -6.50580528e+13 -6.50580528e+13 -6.50580528e+13
  -6.50580528e+13 -6.50580528e+13 -6.50580528e+13 -6.50580528e+13
  -6.50580528e+13 -6.50580528e+13 -6.50580528e+13 -6.50580528e+13
  -6.50580528e+13 -6.50580528e+13 -6.50580528e+13 -6.50580528e+13
  -6.50580528e+13 -6.50580528e+13 -6.50580528e+13 -6.50580528e+13
  -6.50580528e+13 -6.50580528e+13 -6.50580528e+13 -6.50580528e+13
  -6.50580528e+13 -6.50580528e+13 -6.50580528e+13 -6.50580528e+13
  -6.50580528e+13 -6.50580528e+13 -6.50580528e+13 -6.50580528e+13
  -6.50580528e+13 -6.50580528e+13 -6.50580528e+13 -6.50580528e+13
  -6.50580528e+13 -6.50580528e+13 -6.50580528e+13 -6.50580528e+13
  -6.50580528e+13 -6.50580528e+13 -6.50580528e+13 -6.50580528e+13
  -6.50580528e+13 -6.50580528e+13 -6.50580528e+13 -6.50580528e+13
  -6.50580528e+13 -6.50580528e+13 -6.50580528e+13 -6.50580528e+13
  -6.50580528e+13 -6.50580528e+13 -6.50580528e+13 -6.50580528e+13
  -6.50580528e+13 -6.50580528e+13 -6.50580528e+13 -6.50580528e+13
  -6.50580528e+13 -6.50580528e+13 -6.50580528e+13 -6.50580528e+13
  -6.50580528e+13 -6.50580528e+13 -6.50580528e+13 -6.50580528e+13
  -6.50580528e+13 -6.50580528e+13 -6.50580528e+13 -6.50580528e+13
  -6.50580528e+13 -6.50580528e+13 -6.50580528e+13 -6.50580528e+13
  -6.50580528e+13 -6.50580528e+13 -6.50580528e+13 -6.50580528e+13
  -6.50580528e+13 -6.50580528e+13 -6.50580528e+13 -6.50580528e+13
  -6.50580528e+13 -6.50580528e+13 -6.50580528e+13 -6.50580528e+13
  -6.50580528e+13 -6.50580528e+13 -6.50580528e+13 -6.50580528e+13
  -6.50580528e+13 -6.50580528e+13 -6.50580528e+13 -6.50580528e+13
  -6.50580528e+13 -6.50580528e+13 -6.50580528e+13 -6.50580528e+13
  -6.50580528e+13 -6.50580528e+13 -6.50580528e+13 -6.50580528e+13
  -6.50580528e+13 -6.50580528e+13 -6.50580528e+13 -6.50580528e+13
  -6.50580528e+13 -6.50580528e+13 -6.50580528e+13 -6.50580528e+13
  -6.50580528e+13 -6.50580528e+13 -6.50580528e+13 -6.50580528e+13
  -6.50580528e+13 -6.50580528e+13 -6.50580528e+13 -6.50580528e+13
  -6.50580528e+13 -6.50580528e+13 -6.50580528e+13 -6.50580528e+13
  -6.50580528e+13 -6.50580528e+13 -6.50580528e+13 -6.50580528e+13
  -6.50580528e+13 -6.50580528e+13 -6.50580528e+13 -6.50580528e+13
  -6.50580528e+13 -6.50580528e+13 -6.50580528e+13 -6.50580528e+13
  -6.50580528e+13 -6.50580528e+13 -6.50580528e+13 -6.50580528e+13
  -6.50580528e+13 -6.50580528e+13 -6.50580528e+13 -6.50580528e+13
  -6.50580528e+13 -6.50580528e+13 -6.50580528e+13 -6.50580528e+13
  -6.50580528e+13 -6.50580528e+13 -6.50580528e+13 -6.50580528e+13
  -6.50580528e+13 -6.50580528e+13 -6.50580528e+13 -6.50580528e+13
  -6.50580528e+13 -6.50580528e+13 -6.50580528e+13 -6.50580528e+13
  -6.50580528e+13 -6.50580528e+13 -6.50580528e+13 -6.50580528e+13
  -6.50580528e+13 -6.50580528e+13 -6.50580528e+13 -6.50580528e+13
  -6.50580528e+13 -6.50580528e+13 -6.50580528e+13 -6.50580528e+13
  -6.50580528e+13 -6.50580528e+13 -6.50580528e+13 -6.50580528e+13
  -6.50580528e+13 -6.50580528e+13 -6.50580528e+13 -6.50580528e+13
  -6.50580528e+13 -6.50580528e+13 -6.50580528e+13 -6.50580528e+13
  -6.50580528e+13 -6.50580528e+13 -6.50580528e+13 -6.50580528e+13
  -6.50580528e+13 -6.50580528e+13 -6.50580528e+13 -6.50580528e+13
  -6.50580528e+13 -6.50580528e+13 -6.50580528e+13 -6.50580528e+13
  -6.50580528e+13 -6.50580528e+13 -6.50580528e+13 -6.50580528e+13
  -6.50580528e+13 -6.50580528e+13 -6.50580528e+13 -6.50580528e+13
  -6.50580528e+13 -6.50580528e+13 -6.50580528e+13 -6.50580528e+13
  -6.50580528e+13 -6.50580528e+13 -6.50580528e+13 -6.50580528e+13
  -6.50580528e+13 -6.50580528e+13 -6.50580528e+13 -6.50580528e+13
  -6.50580528e+13 -6.50580528e+13 -6.50580528e+13 -6.50580528e+13
  -6.50580528e+13 -6.50580528e+13 -6.50580528e+13 -6.50580528e+13
  -6.50580528e+13 -6.50580528e+13 -6.50580528e+13 -6.50580528e+13
  -6.50580528e+13 -6.50580528e+13 -6.50580528e+13 -6.50580528e+13
  -6.50580528e+13 -6.50580528e+13 -6.50580528e+13 -6.50580528e+13
  -6.50580528e+13 -6.50580528e+13 -6.50580528e+13 -6.50580528e+13
  -6.50580528e+13 -6.50580528e+13 -6.50580528e+13 -6.50580528e+13
  -6.50580528e+13 -6.50580528e+13 -6.50580528e+13 -6.50580528e+13
  -6.50580528e+13 -6.50580528e+13 -6.50580528e+13 -6.50580528e+13
  -6.50580528e+13 -6.50580528e+13 -6.50580528e+13 -6.50580528e+13
  -6.50580528e+13 -6.50580528e+13 -6.50580528e+13 -6.50580528e+13
  -6.50580528e+13 -6.50580528e+13 -6.50580528e+13 -6.50580528e+13
  -6.50580528e+13 -6.50580528e+13 -6.50580528e+13 -6.50580528e+13
  -6.50580528e+13 -6.50580528e+13 -6.50580528e+13 -6.50580528e+13
  -6.50580528e+13 -6.50580528e+13 -6.50580528e+13 -6.50580528e+13
  -6.50580528e+13 -6.50580528e+13 -6.50580528e+13 -6.50580528e+13
  -6.50580528e+13 -6.50580528e+13 -6.50580528e+13 -6.50580528e+13
  -6.50580528e+13 -6.50580528e+13 -6.50580528e+13 -6.50580528e+13
  -6.50580528e+13 -6.50580528e+13 -6.50580528e+13 -6.50580528e+13
  -6.50580528e+13 -6.50580528e+13 -6.50580528e+13 -6.50580528e+13
  -6.50580528e+13 -6.50580528e+13 -6.50580528e+13 -6.50580528e+13
  -6.50580528e+13 -6.50580528e+13 -6.50580528e+13 -6.50580528e+13
  -6.50580528e+13 -6.50580528e+13 -6.50580528e+13 -6.50580528e+13
  -6.50580528e+13 -6.50580528e+13 -6.50580528e+13 -6.50580528e+13
  -6.50580528e+13 -6.50580528e+13 -6.50580528e+13 -6.50580528e+13
  -6.50580528e+13 -6.50580528e+13 -6.50580528e+13 -6.50580528e+13
  -6.50580528e+13 -6.50580528e+13 -6.50580528e+13 -6.50580528e+13
  -6.50580528e+13 -6.50580528e+13 -6.50580528e+13 -6.50580528e+13
  -6.50580528e+13 -6.50580528e+13 -6.50580528e+13 -6.50580528e+13
  -6.50580528e+13 -6.50580528e+13 -6.50580528e+13 -6.50580528e+13
  -6.50580528e+13 -6.50580528e+13 -6.50580528e+13 -6.50580528e+13
  -6.50580528e+13 -6.50580528e+13 -6.50580528e+13 -6.50580528e+13
  -6.50580528e+13 -6.50580528e+13 -6.50580528e+13 -6.50580528e+13
  -6.50580528e+13 -6.50580528e+13 -6.50580528e+13 -6.50580528e+13
  -6.50580528e+13 -6.50580528e+13 -6.50580528e+13 -6.50580528e+13
  -6.50580528e+13 -6.50580528e+13 -6.50580528e+13 -6.50580528e+13
  -6.50580528e+13 -6.50580528e+13 -6.50580528e+13 -6.50580528e+13
  -6.50580528e+13 -6.50580528e+13 -6.50580528e+13 -6.50580528e+13
  -6.50580528e+13 -6.50580528e+13 -6.50580528e+13 -6.50580528e+13
  -6.50580528e+13 -6.50580528e+13 -6.50580528e+13 -6.50580528e+13
  -6.50580528e+13 -6.50580528e+13 -6.50580528e+13 -6.50580528e+13
  -6.50580528e+13 -6.50580528e+13 -6.50580528e+13 -6.50580528e+13]
 [-2.93865592e+01 -2.91564640e+01 -2.93878934e+01 -2.93867133e+01
  -2.91555329e+01 -2.91573167e+01 -2.93886055e+01 -2.93884816e+01
  -2.93861439e+01 -2.93877384e+01 -2.93836384e+01 -2.93881316e+01
  -2.91566356e+01 -2.91555371e+01 -2.93890181e+01 -2.91555418e+01
  -2.91558387e+01 -2.93883982e+01 -2.93866716e+01 -2.91849516e+01
  -2.91661850e+01 -2.92847917e+01 -2.93882303e+01 -2.93876365e+01
  -2.91561706e+01 -2.91579172e+01 -2.93886159e+01 -2.91915091e+01
  -2.93890928e+01 -2.91601183e+01 -2.93879901e+01 -2.93875561e+01
  -2.91585630e+01 -2.93866061e+01 -2.93873159e+01 -2.91568180e+01
  -2.93879540e+01 -2.93809693e+01 -2.93882815e+01 -2.93872776e+01
  -2.93893913e+01 -2.93876671e+01 -2.93587963e+01 -2.93837059e+01
  -2.93333952e+01 -2.91588332e+01 -2.93883648e+01 -2.93690653e+01
  -2.93878110e+01 -2.91562100e+01 -2.93893645e+01 -2.91595226e+01
  -2.93880696e+01 -2.93877234e+01 -2.92275463e+01 -2.91775380e+01
  -2.93251725e+01 -2.91557969e+01 -2.93883723e+01 -2.91855872e+01
  -2.91567662e+01 -2.91562911e+01 -2.91567989e+01 -2.91572537e+01
  -2.93892071e+01 -2.93887272e+01 -2.91592928e+01 -2.91584949e+01
  -2.93877346e+01 -2.93519076e+01 -2.93900973e+01 -2.92855640e+01
  -2.91571538e+01 -2.93889629e+01 -2.93321912e+01 -2.93219614e+01
  -2.91581890e+01 -2.93428570e+01 -2.93654768e+01 -2.93874895e+01
  -2.93876628e+01 -2.93882467e+01 -2.92090913e+01 -2.93881638e+01
  -2.91559880e+01 -2.93814108e+01 -2.91569275e+01 -2.93888405e+01
  -2.91570161e+01 -2.93726260e+01 -2.93882033e+01 -2.93847047e+01
  -2.93874292e+01 -2.93879786e+01 -2.91567088e+01 -2.91548874e+01
  -2.93885581e+01 -2.91558414e+01 -2.91562777e+01 -2.91745976e+01
  -2.93883696e+01 -2.93891071e+01 -2.93879507e+01 -2.93880463e+01
  -2.93884238e+01 -2.91561952e+01 -2.91556023e+01 -2.93873065e+01
  -2.93872793e+01 -2.93878256e+01 -2.91568501e+01 -2.93875823e+01
  -2.93874767e+01 -2.91575032e+01 -2.91563145e+01 -2.93888149e+01
  -2.91573952e+01 -2.91569240e+01 -2.91921609e+01 -2.91579571e+01
  -2.91567113e+01 -2.93886019e+01 -2.93882013e+01 -2.91557394e+01
  -2.93895100e+01 -2.91578198e+01 -2.92791242e+01 -2.93860246e+01
  -2.93815695e+01 -2.93874832e+01 -2.91566671e+01 -2.91582576e+01
  -2.93878456e+01 -2.91568501e+01 -2.93870875e+01 -2.93889990e+01
  -2.91561313e+01 -2.93877522e+01 -2.93885724e+01 -2.91559073e+01
  -2.93876020e+01 -2.93863282e+01 -2.91571709e+01 -2.91911615e+01
  -2.91551964e+01 -2.93890265e+01 -2.91564462e+01 -2.91567843e+01
  -2.91553041e+01 -2.91678465e+01 -2.93643806e+01 -2.91988994e+01
  -2.93725168e+01 -2.91564076e+01 -2.91559903e+01 -2.91958727e+01
  -2.91565700e+01 -2.92833120e+01 -2.93887744e+01 -2.93877496e+01
  -2.91798192e+01 -2.93892446e+01 -2.93887700e+01 -2.93885649e+01
  -2.91567843e+01 -2.91555204e+01 -2.92997849e+01 -2.93874818e+01
  -2.93056413e+01 -2.91561968e+01 -2.93479740e+01 -2.91558206e+01
  -2.91915803e+01 -2.93876719e+01 -2.93888906e+01 -2.93065007e+01
  -2.93441535e+01 -2.91551944e+01 -2.93640191e+01 -2.91562855e+01
  -2.93880898e+01 -2.93881415e+01 -2.91555841e+01 -2.93884132e+01
  -2.91570131e+01 -2.93671322e+01 -2.93883753e+01 -2.93885853e+01
  -2.91556367e+01 -2.93766850e+01 -2.91710665e+01 -2.93883462e+01
  -2.93875995e+01 -2.91557894e+01 -2.93874808e+01 -2.91564807e+01
  -2.91571923e+01 -2.91786773e+01 -2.91568619e+01 -2.91557558e+01
  -2.93785819e+01 -2.93872438e+01 -2.91558280e+01 -2.93306215e+01
  -2.93873837e+01 -2.93612728e+01 -2.91568758e+01 -2.93876302e+01
  -2.93893552e+01 -2.92393038e+01 -2.91587209e+01 -2.91554223e+01
  -2.93889123e+01 -2.93599146e+01 -2.91555418e+01 -2.93886602e+01
  -2.91564938e+01 -2.93122186e+01 -2.93879554e+01 -2.93884752e+01
  -2.93888643e+01 -2.91566704e+01 -2.93887464e+01 -2.91571982e+01
  -2.91560965e+01 -2.93880783e+01 -2.91572986e+01 -2.93875201e+01
  -2.93843630e+01 -2.93840362e+01 -2.93348930e+01 -2.91575756e+01
  -2.91565453e+01 -2.91557720e+01 -2.93890128e+01 -2.91571018e+01
  -2.93879863e+01 -2.91630091e+01 -2.93880962e+01 -2.91598902e+01
  -2.93888786e+01 -2.91559616e+01 -2.93805414e+01 -2.93885541e+01
  -2.91561460e+01 -2.91554320e+01 -2.93872827e+01 -2.91559533e+01
  -2.91570748e+01 -2.91705631e+01 -2.91566601e+01 -2.93878495e+01
  -2.92024802e+01 -2.91616786e+01 -2.91572430e+01 -2.91558724e+01
  -2.93537152e+01 -2.93878551e+01 -2.93876349e+01 -2.91560876e+01
  -2.91558080e+01 -2.93877642e+01 -2.91563214e+01 -2.93889108e+01
  -2.91570185e+01 -2.91677544e+01 -2.91584460e+01 -2.93890195e+01
  -2.91558300e+01 -2.93885427e+01 -2.93873892e+01 -2.93880343e+01
  -2.93875603e+01 -2.91579192e+01 -2.91584136e+01 -2.92324197e+01
  -2.91557165e+01 -2.93317314e+01 -2.91797876e+01 -2.92080149e+01
  -2.93891119e+01 -2.92386111e+01 -2.91556770e+01 -2.91564398e+01
  -2.91557758e+01 -2.93881641e+01 -2.93885336e+01 -2.93863237e+01
  -2.91892484e+01 -2.93591294e+01 -2.91560099e+01 -2.92495331e+01
  -2.91714875e+01 -2.91566255e+01 -2.93891806e+01 -2.91554244e+01
  -2.91560440e+01 -2.91569413e+01 -2.91565793e+01 -2.93882606e+01
  -2.91798967e+01 -2.91559543e+01 -2.93883048e+01 -2.91558435e+01
  -2.93877887e+01 -2.93880951e+01 -2.93165213e+01 -2.91572053e+01
  -2.93874133e+01 -2.93888497e+01 -2.93879508e+01 -2.91567708e+01
  -2.91565770e+01 -2.91568341e+01 -2.93885645e+01 -2.93857958e+01
  -2.91579645e+01 -2.93875475e+01 -2.93881374e+01 -2.92078103e+01
  -2.93883788e+01 -2.91569325e+01 -2.93875405e+01 -2.91572873e+01
  -2.92447002e+01 -2.93878243e+01 -2.91582929e+01 -2.92650830e+01
  -2.92571641e+01 -2.92284383e+01 -2.92886242e+01 -2.93881733e+01
  -2.91571597e+01 -2.91566602e+01 -2.93887832e+01 -2.93879243e+01
  -2.93880721e+01 -2.93890896e+01 -2.93881810e+01 -2.93874697e+01
  -2.93755672e+01 -2.91637512e+01 -2.93883741e+01 -2.93581985e+01
  -2.91559313e+01 -2.93879981e+01 -2.93874715e+01 -2.93878815e+01
  -2.93416632e+01 -2.93854448e+01 -2.91564025e+01 -2.92630595e+01
  -2.91715689e+01 -2.93883772e+01 -2.91565571e+01 -2.91703410e+01
  -2.91572316e+01 -2.93869823e+01 -2.93881985e+01 -2.93504291e+01
  -2.93723894e+01 -2.91568796e+01 -2.93658455e+01 -2.91560659e+01
  -2.91572976e+01 -2.91682170e+01 -2.91569465e+01 -2.93875463e+01
  -2.91562240e+01 -2.93874715e+01 -2.91767164e+01 -2.93679249e+01
  -2.93881820e+01 -2.91565866e+01 -2.91567174e+01 -2.91557021e+01
  -2.92351257e+01 -2.91613779e+01 -2.91568901e+01 -2.93887831e+01
  -2.91561773e+01 -2.91555351e+01 -2.93877266e+01 -2.92749386e+01
  -2.91694893e+01 -2.93885811e+01 -2.93892161e+01 -2.93883644e+01
  -2.91562833e+01 -2.93889183e+01 -2.91549495e+01 -2.91653580e+01
  -2.91569351e+01 -2.91608523e+01 -2.91572476e+01 -2.93879078e+01
  -2.93887963e+01 -2.91569723e+01 -2.93886442e+01 -2.91616912e+01]]