7.003092480256242371e+10 -7.003092480256694031e+10
-4.154269057573208618e+11 4.154269057573292236e+11
-3.485003726564432983e+11 3.485003726564573975e+11
-6.415041517262868652e+11 6.415041517263076172e+11
-4.001933612973475647e+10 4.001933612973828125e+10
-1.290877765580091309e+12 1.290877765580100586e+12
-5.241239540659992065e+11 5.241239540660226440e+11
2.802130788832885742e+09 -2.802130788827239990e+09
-4.746434324971493530e+10 4.746434324972967529e+10
2.157410500207249756e+11 -2.157410500207080688e+11
-1.426444323240017700e+11 1.426444323240270386e+11
5.817613758897393799e+11 -5.817613758897353516e+11
-9.990290565701436768e+11 9.990290565701481934e+11
6.078567102909468994e+11 -6.078567102909342041e+11
-4.305272943899039307e+11 4.305272943899088135e+11
-5.596836144400618896e+11 5.596836144400727539e+11
6.365430972153569336e+11 -6.365430972153626709e+11
1.109676881515385254e+12 -1.109676881515387207e+12
6.304830347018602295e+11 -6.304830347018577881e+11
1.984049114666096191e+11 -1.984049114666057739e+11
1.389858037470029297e+11 -1.389858037469996948e+11
-7.672721777684206543e+11 7.672721777684348145e+11
-7.806427840133557129e+10 7.806427840135083008e+10
2.928980176795678711e+11 -2.928980176795586548e+11
4.046791849771058960e+11 -4.046791849770890503e+11
6.270565817015516357e+11 -6.270565817015222168e+11
6.502247203162043457e+11 -6.502247203162138672e+11
1.247857637332407227e+12 -1.247857637332391357e+12
-2.578929763394967651e+11 2.578929763394981995e+11
6.699512435547431641e+11 -6.699512435547352295e+11
-3.391113719495032959e+11 3.391113719495219727e+11
-3.725206510900269775e+11 3.725206510900465088e+11
-7.753089957646004639e+11 7.753089957646186523e+11
2.012621882830924072e+11 -2.012621882830896301e+11
6.868828369558571777e+11 -6.868828369558538818e+11
-3.678238750194178467e+11 3.678238750194251709e+11
7.591052030072194824e+11 -7.591052030072106934e+11
-4.948485580656949463e+11 4.948485580657095947e+11
6.320439309516950684e+11 -6.320439309516816406e+11
2.212130338227185059e+10 -2.212130338225744629e+10
3.016361639463637695e+11 -3.016361639463620605e+11
7.192521231900695801e+11 -7.192521231900612793e+11
4.456249851514304199e+11 -4.456249851514200439e+11
-7.784066215082901001e+10 7.784066215083471680e+10
-9.013429066421334839e+10 9.013429066422627258e+10
-4.926097475842915039e+11 4.926097475843029785e+11
-5.198827378176000366e+11 5.198827378176022949e+11
7.262175281131224365e+11 -7.262175281131186523e+11
5.126754775442291260e+09 -5.126754775426025391e+09
-1.052175756371874695e+11 1.052175756371949463e+11
4.160636319040839844e+11 -4.160636319040832520e+11
-2.991073707504790649e+11 2.991073707504974365e+11
3.743549427820263672e+11 -3.743549427820145264e+11
-1.550959043475292358e+11 1.550959043475363159e+11
1.068653681808751465e+12 -1.068653681808748291e+12
3.095411824025299072e+10 -3.095411824023797607e+10
-9.378099663965289307e+10 9.378099663965359497e+10
1.801405267284296875e+11 -1.801405267284290771e+11
3.442082028396811523e+11 -3.442082028396619873e+11
4.233898111923417664e+10 -4.233898111924301147e+10
5.703063840372070312e+10 -5.703063840371765137e+10
2.084398712623955688e+11 -2.084398712623990479e+11
-4.438025272163034058e+11 4.438025272163275146e+11
-9.144539363833538818e+10 9.144539363834060669e+10
-2.496774883507491455e+11 2.496774883507566223e+11
-3.641860567062001343e+11 3.641860567062145996e+11
-2.249831746789245605e+09 2.249831746783142090e+09
-2.958106871075831299e+11 2.958106871075821533e+11
8.044709455611892700e+10 -8.044709455611761475e+10
1.974330508202619629e+11 -1.974330508202547913e+11
-7.017769210642243652e+11 7.017769210642326660e+11
-6.970981159962395020e+11 6.970981159962575684e+11
7.537511020405468750e+10 -7.537511020405120850e+10
3.710687192151187744e+11 -3.710687192151107178e+11
-4.927759215680136108e+11 4.927759215680203247e+11
1.822067789483404846e+11 -1.822067789483421631e+11
-1.812619593181837158e+11 1.812619593181856689e+11
5.255788169866700439e+11 -5.255788169866518555e+11
5.068598787810296631e+10 -5.068598787809680176e+10
-8.380437353102783203e+09 8.380437353104339600e+09
3.321778222743125000e+11 -3.321778222743067627e+11
2.626319809721445923e+11 -2.626319809721351318e+11
6.855761859288378906e+10 -6.855761859288030243e+10
2.244637798104320679e+11 -2.244637798104201050e+11
-4.992759320586437988e+11 4.992759320586461182e+11
-4.548329378692708740e+11 4.548329378692847900e+11
3.293835871199577637e+11 -3.293835871199565430e+11
-2.457449331307241516e+11 2.457449331307194824e+11
4.333451640885742188e+10 -4.333451640885021973e+10
1.873008547355017395e+11 -1.873008547354931030e+11
3.367903652976897583e+11 -3.367903652976786499e+11
-3.831804850549276733e+10 3.831804850551538086e+10
-5.090678537353959351e+11 5.090678537354087524e+11
3.275030376627294922e+10 -3.275030376625878906e+10
-5.149596071121768188e+11 5.149596071121707764e+11
1.094627474621392822e+10 -1.094627474621069336e+10
-4.239926772286303711e+11 4.239926772286331177e+11
3.764591147606341553e+10 -3.764591147605664062e+10
-7.639090037209936523e+11 7.639090037210080566e+11
-3.723477437398237305e+11 3.723477437398281860e+11
-1.914751217533507690e+11 1.914751217533471375e+11
6.125456718939707031e+11 -6.125456718939588623e+11
-1.065169401116882324e+09 1.065169401127838135e+09
4.444054212683829956e+11 -4.444054212683733521e+11
-3.441519242640872803e+11 3.441519242640883789e+11
-8.175007089757301025e+11 8.175007089757358398e+11
4.690987954899684448e+11 -4.690987954899628906e+11
-4.101621999426638794e+11 4.101621999426607666e+11
-6.405958497850170898e+10 6.405958497852432251e+10
-9.366864745687254639e+11 9.366864745687233887e+11
-5.209036327111889648e+10 5.209036327114375305e+10
1.616275679432756958e+11 -1.616275679432648926e+11
2.102267830549736938e+11 -2.102267830549627380e+11
4.920958535480336304e+11 -4.920958535480329590e+11
-2.810100352288796997e+11 2.810100352288738403e+11
-2.423454341143680115e+11 2.423454341143654175e+11
3.862681043957185364e+10 -3.862681043956730652e+10
3.697031235611182251e+11 -3.697031235611156006e+11
-8.534171538760327148e+10 8.534171538761483765e+10
3.482572249351479492e+11 -3.482572249351441040e+11
-2.505841251616226196e+10 2.505841251617245483e+10
3.393874820999465332e+11 -3.393874820999449463e+11
5.098015561903605957e+11 -5.098015561903425903e+11
-2.397826187373168945e+11 2.397826187373381958e+11
3.912784145689894409e+11 -3.912784145689925537e+11
3.767195676707507324e+11 -3.767195676707584839e+11
-1.139156658576828003e+11 1.139156658576913147e+11
-1.199298819059804077e+11 1.199298819059837646e+11
-5.909141160825036621e+11 5.909141160825187988e+11
-6.270095257227584839e+10 6.270095257227172852e+10
7.733344684533001709e+10 -7.733344684532073975e+10
-2.960424678121710205e+10 2.960424678121984863e+10
-2.626012221363911133e+11 2.626012221363830566e+11
-8.018171359324664307e+10 8.018171359323454285e+10
-6.181965494967657471e+10 6.181965494967932129e+10
-4.181877655589031982e+11 4.181877655589051514e+11
-1.466155365268921204e+11 1.466155365269146729e+11
-2.448382582863200073e+11 2.448382582863407593e+11
-2.601269849359813843e+11 2.601269849359984131e+11
-4.189741879897305298e+11 4.189741879897377930e+11
3.140123870977760315e+10 -3.140123870976727295e+10
4.439528613135171509e+11 -4.439528613135208740e+11
4.830722191491301880e+11 -4.830722191491225586e+11
2.323345020241444397e+11 -2.323345020241518250e+11
-5.140015685327561035e+11 5.140015685327653809e+11
2.224757743300053406e+11 -2.224757743299959106e+11
6.639912248116279297e+11 -6.639912248116296387e+11
-3.102311991707765503e+11 3.102311991707828369e+11
-1.335807204134575806e+11 1.335807204134684296e+11
-2.234165327882708740e+10 2.234165327884249878e+10
1.294316573523674011e+10 -1.294316573522784424e+10
1.230189089343377991e+11 -1.230189089343367310e+11
3.495747175992559204e+11 -3.495747175992316284e+11
4.381700049830715942e+10 -4.381700049830480957e+10
-5.729271252059825134e+10 5.729271252060974121e+10
1.953611142145659790e+11 -1.953611142145717773e+11
5.577537762267346191e+10 -5.577537762265740967e+10
-2.191276827293241501e+10 2.191276827294268799e+10
-5.114804359690319824e+10 5.114804359691795349e+10
2.046998166845157471e+11 -2.046998166845042114e+11
9.512202213395544434e+10 -9.512202213394937134e+10
-5.705890466336989746e+11 5.705890466337115479e+11
2.803769076979729614e+11 -2.803769076979578247e+11
-6.009149798634013672e+11 6.009149798634006348e+11
2.367555342112811279e+11 -2.367555342112882080e+11
-5.318110978367515869e+11 5.318110978367652588e+11
1.577935111516654053e+11 -1.577935111516442261e+11
5.128626570190240479e+10 -5.128626570190216064e+10
-1.190825080945688019e+11 1.190825080945849609e+11
-8.314395385685311890e+10 8.314395385685351562e+10
-3.299161436794769897e+11 3.299161436794853516e+11
-4.409052388747515869e+10 4.409052388746932983e+10
-5.270640146175195312e+11 5.270640146175467529e+11
-4.331161539600345459e+11 4.331161539600521240e+11
-1.444842294810709717e+12 1.444842294810724609e+12
-5.287127985333429565e+11 5.287127985333612061e+11
-4.975563890516763916e+11 4.975563890516940308e+11
-3.135153884799342041e+11 3.135153884799375610e+11
2.363342412345194092e+11 -2.363342412345045776e+11
-5.824838935896627197e+11 5.824838935896794434e+11
7.075802710589429932e+11 -7.075802710589257812e+11
3.838007246558941040e+11 -3.838007246558835449e+11
4.434591526616346436e+11 -4.434591526616287231e+11
2.937897145772872314e+11 -2.937897145772839355e+11
-1.542053894292541504e+10 1.542053894293309021e+10
-3.358830068454163818e+11 3.358830068454255981e+11
2.836228329680056152e+11 -2.836228329679932861e+11
-2.303940656162049561e+11 2.303940656162143860e+11
-5.370879624183773804e+11 5.370879624183770752e+11
3.424702318566364136e+11 -3.424702318566348267e+11
-5.031620436233787842e+11 5.031620436234019165e+11
5.999211469822976074e+11 -5.999211469822879639e+11
-5.087021889867595825e+11 5.087021889867863770e+11
9.863348997281317139e+10 -9.863348997279342651e+10
-8.433447298419437256e+11 8.433447298419577637e+11
5.323231301011781006e+11 -5.323231301011661377e+11
1.081006337765582275e+10 -1.081006337765576172e+10
1.655371936505516052e+11 -1.655371936505455322e+11
-1.098921286556003113e+11 1.098921286555995636e+11
3.666473211282089844e+11 -3.666473211282037354e+11
-8.465680754871588135e+11 8.465680754871600342e+11
-2.118278883900888672e+11 2.118278883901052246e+11
-4.229247327301503906e+11 4.229247327301730347e+11
1.164405717486092285e+12 -1.164405717486090332e+12
3.988377417861395264e+11 -3.988377417861326904e+11
3.030656531577211914e+11 -3.030656531577275391e+11
-3.498884709480996094e+11 3.498884709481107788e+11
2.049843817434321899e+11 -2.049843817434218750e+11
3.940556025843377075e+11 -3.940556025843293457e+11
-2.843621715854480591e+11 2.843621715854641724e+11
-4.248932430730166626e+11 4.248932430730166016e+11
2.947480618152474365e+11 -2.947480618152506104e+11
2.317988710842000122e+11 -2.317988710841981506e+11
-5.104844552040908813e+09 5.104844552046264648e+09
-1.497010176447371216e+11 1.497010176447381592e+11
5.768648123320440674e+10 -5.768648123320201111e+10
-3.799261600533357544e+11 3.799261600533448486e+11
-9.327060359985351562e+08 9.327060360016479492e+08
-6.449265139975070801e+11 6.449265139975369873e+11
2.846792102566795044e+11 -2.846792102566744385e+11
8.366352674630621338e+10 -8.366352674629534912e+10
-6.474854836361870117e+11 6.474854836361922607e+11
8.590703254312817383e+10 -8.590703254311621094e+10
3.474934101576712646e+11 -3.474934101576699829e+11
1.160774060898941803e+10 -1.160774060898425484e+10
3.229169079714089966e+11 -3.229169079713879395e+11
1.180016002409621887e+11 -1.180016002409528809e+11
-1.537903231283581543e+11 1.537903231283643188e+11
6.996476570210195312e+11 -6.996476570210156250e+11
4.132394584447288818e+11 -4.132394584447265015e+11
6.616888028551115723e+11 -6.616888028551014404e+11
2.777165479519374390e+11 -2.777165479519400024e+11
3.020507309886449585e+11 -3.020507309886391602e+11
-5.521932462878392334e+11 5.521932462878544922e+11
-2.419399889632678833e+11 2.419399889632835999e+11
2.964858333273271484e+11 -2.964858333273171997e+11
-1.576359675839284058e+11 1.576359675839451599e+11
5.011282943983256836e+11 -5.011282943983259888e+11
-4.972147437401314087e+11 4.972147437401450806e+11
5.063521515971842651e+11 -5.063521515971611328e+11
7.651308241354693604e+11 -7.651308241354558105e+11
-4.632829123705380249e+11 4.632829123705455322e+11
1.949817305995753784e+11 -1.949817305995664673e+11
-5.038457782237670898e+10 5.038457782238531494e+10
4.335572054930502930e+11 -4.335572054930410156e+11
-9.933254470155413818e+10 9.933254470156231689e+10
9.462492093194717407e+10 -9.462492093193798828e+10
-3.701985690366143799e+11 3.701985690366123047e+11
7.299473703169666748e+11 -7.299473703169688721e+11
3.282032239819083862e+11 -3.282032239819039307e+11
