[array([ 76.86567164,  89.91596639,  92.30769231,  87.64044944,
        88.        ,  90.        ,  84.44444444,  83.33333333,
        73.33333333,  85.07462687,  80.67226891,  87.5       ,
        94.38202247,  84.        ,  78.33333333,  95.55555556,
        93.33333333,  93.33333333,  70.89552239,  96.63865546,
        78.84615385,  89.88764045,  90.66666667,  83.33333333,
        86.66666667,  86.66666667,  80.        ,  96.26865672,
        91.59663866,  94.23076923,  87.64044944,  92.        ,
        86.66666667,  86.66666667,  86.66666667,  86.66666667,
        94.7761194 ,  94.95798319,  96.15384615,  86.51685393,
        80.        ,  93.33333333,  93.33333333,  80.        ,
        86.66666667,  96.26865672,  76.47058824,  85.57692308,
        93.25842697,  84.        ,  90.        ,  82.22222222,
        73.33333333,  93.33333333,  85.07462687,  97.4789916 ,
        89.42307692,  84.26966292,  94.66666667,  86.66666667,
        86.66666667,  90.        ,  93.33333333,  94.7761194 ,
        88.23529412,  83.65384615,  88.76404494,  89.33333333,
        86.66666667,  88.88888889,  90.        ,  86.66666667,
        92.53731343,  89.91596639,  90.38461538,  92.13483146,
        92.        ,  88.33333333,  91.11111111,  90.        ,
       100.        ,  94.02985075,  85.71428571,  85.57692308,
        93.25842697,  90.66666667,  93.33333333,  82.22222222,
        93.33333333,  80.        ]), array([74.62686567, 89.91596639, 92.30769231, 92.13483146, 90.66666667,
       91.66666667, 80.        , 83.33333333, 73.33333333, 79.10447761,
       85.71428571, 92.30769231, 93.25842697, 89.33333333, 76.66666667,
       91.11111111, 90.        , 80.        , 73.88059701, 96.63865546,
       86.53846154, 82.02247191, 89.33333333, 83.33333333, 91.11111111,
       73.33333333, 86.66666667, 94.02985075, 86.55462185, 92.30769231,
       88.76404494, 90.66666667, 88.33333333, 91.11111111, 90.        ,
       93.33333333, 94.02985075, 93.27731092, 96.15384615, 92.13483146,
       88.        , 93.33333333, 95.55555556, 76.66666667, 86.66666667,
       95.52238806, 93.27731092, 84.61538462, 95.50561798, 85.33333333,
       85.        , 91.11111111, 63.33333333, 93.33333333, 82.8358209 ,
       96.63865546, 84.61538462, 74.15730337, 90.66666667, 85.        ,
       88.88888889, 93.33333333, 86.66666667, 95.52238806, 89.07563025,
       91.34615385, 80.8988764 , 89.33333333, 91.66666667, 88.88888889,
       96.66666667, 66.66666667, 91.04477612, 93.27731092, 80.76923077,
       92.13483146, 89.33333333, 91.66666667, 86.66666667, 90.        ,
       80.        , 96.26865672, 89.07563025, 92.30769231, 95.50561798,
       90.66666667, 90.        , 84.44444444, 90.        , 93.33333333]), array([76.11940299, 88.23529412, 86.53846154, 80.8988764 , 81.33333333,
       95.        , 88.88888889, 83.33333333, 73.33333333, 85.82089552,
       78.99159664, 76.92307692, 79.7752809 , 86.66666667, 78.33333333,
       93.33333333, 96.66666667, 80.        , 74.62686567, 96.63865546,
       77.88461538, 74.15730337, 88.        , 80.        , 88.88888889,
       90.        , 80.        , 90.29850746, 89.07563025, 78.84615385,
       80.8988764 , 78.66666667, 88.33333333, 93.33333333, 90.        ,
       86.66666667, 94.7761194 , 91.59663866, 87.5       , 82.02247191,
       77.33333333, 91.66666667, 91.11111111, 70.        , 73.33333333,
       95.52238806, 79.83193277, 76.92307692, 84.26966292, 82.66666667,
       86.66666667, 88.88888889, 66.66666667, 93.33333333, 82.8358209 ,
       94.11764706, 69.23076923, 50.56179775, 84.        , 86.66666667,
       86.66666667, 80.        , 93.33333333, 92.53731343, 85.71428571,
       82.69230769, 65.16853933, 88.        , 90.        , 86.66666667,
       90.        , 80.        , 90.29850746, 89.07563025, 74.03846154,
       84.26966292, 84.        , 91.66666667, 91.11111111, 93.33333333,
       86.66666667, 95.52238806, 85.71428571, 75.96153846, 78.65168539,
       88.        , 88.33333333, 88.88888889, 93.33333333, 73.33333333])]