[25.57885073 26.03955499 25.67428703 25.93420018 25.85322638 26.05464885
 26.21478272 26.10671117 25.67612619 25.36980041 26.50288935 25.82979344
 25.2446311  25.88806385 25.57425889 25.84043024 25.382821   25.63560415
 25.82440192 26.08042105 25.6197407  25.83422048 25.92198783 25.95052332
 25.69483074 25.63121684 25.7130201  26.04075196 25.47649811 25.81134157
 25.79344896 25.79032598 25.81056867 26.13318083 25.28395263 25.62639359
 25.69258715 25.8442489  25.85504703 25.94616103 25.80045029 25.96449274
 25.89669956 25.89793733 26.21128419 25.84208102 25.83691806 26.08182216
 25.51299962 25.8272995  25.54161429 25.93539316 26.00498595 26.11526944
 25.70779431 25.51887967 25.51324372 25.91206662 26.07799126 25.86683005
 26.22902688 25.65091149 26.10021547 25.32896842 25.6333096  25.99132047
 26.04711146 25.60742912 25.85588619 26.13424702 25.49806171 25.80431346
 25.59993062 25.59223466 25.53892246 25.71123766 26.01467513 25.71942512
 25.5035147  25.78004085 25.61939865 25.66947168 25.95218057 25.43692746
 25.71198732 25.67310884 26.02234229 26.08916312 25.86499678 26.05133046]