[0.00808692 0.01629233 0.03844833 0.02895665 0.05879116 0.062886
 0.04393482 0.09209394 0.13814831 0.01119685 0.01174116 0.05435085
 0.05080414 0.03627443 0.10094213 0.06678438 0.09369421 0.15207744
 0.00398111 0.01445222 0.04153419 0.0350318  0.0423274  0.08556771
 0.04710436 0.15480351 0.10572147 0.01216197 0.01673365 0.0105629
 0.02996945 0.08798862 0.03087759 0.11540866 0.17075491 0.1427381
 0.00680089 0.01563931 0.06254458 0.0535953  0.06642461 0.07854652
 0.10601258 0.10534477 0.10831523 0.01100731 0.00759196 0.02507234
 0.06035733 0.09591842 0.05843759 0.11690927 0.09783196 0.06716704
 0.00423217 0.01477981 0.01041293 0.01450682 0.06146264 0.07736874
 0.11215687 0.10192108 0.14997029 0.00612688 0.00875854 0.04454613
 0.04454899 0.08026695 0.08548594 0.12470603 0.12773776 0.0965414
 0.00383043 0.00904679 0.0154779  0.04693222 0.08326316 0.08258772
 0.08398581 0.15239286 0.09906268 0.00455046 0.01082993 0.06170511
 0.07152867 0.05724478 0.04338121 0.10831738 0.14914322 0.14216161]