[22.75536313 22.29017361 22.27309563 22.41495878 22.36522772 22.05820488
 22.61091449 22.19564024 22.45568833 21.9282953  22.13139871 22.41451697
 22.6431121  22.63867015 21.80496968 22.57618008 22.66650279 22.27385635
 22.58558871 22.49129109 22.65391942 22.78581769 22.64380008 22.20295882
 22.32196799 22.45203928 22.27895769 22.4470576  22.31569006 21.98715814
 22.60666148 22.47276609 22.17966809 22.1253439  22.19204069 22.41254211
 22.45188105 22.08018561 22.44503883 22.42357808 22.2059644  22.35734744
 22.42420076 22.14190243 22.39629024 22.11376146 22.22071423 22.51894446
 22.36233345 22.55724381 22.7008345  22.41311175 22.6637164  22.16468587
 23.03844054 22.00434626 22.27797308 21.90047519 22.2189466  22.03650489
 22.97685253 22.57565558 22.45974404 22.44833213 22.11768118 22.59830132
 22.87130517 22.38702075 22.00471299 22.27691761 22.40594806 22.68568051
 21.93352501 22.27812949 22.66144995 22.43208053 22.69211499 22.59097303
 22.78801867 22.3563521  22.32868174 22.56123208 22.39212253 22.46034229
 22.20198307 22.37321182 21.922829   22.3395223  22.37911802 22.2493869 ]