[76.86567164  89.91596639  92.30769231  87.64044944  88.
  90.          84.44444444  83.33333333  73.33333333  85.07462687
  80.67226891  87.5         94.38202247  84.          78.33333333
  95.55555556  93.33333333  93.33333333  70.89552239  96.63865546
  78.84615385  89.88764045  90.66666667  83.33333333  86.66666667
  86.66666667  80.          96.26865672  91.59663866  94.23076923
  87.64044944  92.          86.66666667  86.66666667  86.66666667
  86.66666667  94.7761194   94.95798319  96.15384615  86.51685393
  80.          93.33333333  93.33333333  80.          86.66666667
  96.26865672  76.47058824  85.57692308  93.25842697  84.
  90.          82.22222222  73.33333333  93.33333333  85.07462687
  97.4789916   89.42307692  84.26966292  94.66666667  86.66666667
  86.66666667  90.          93.33333333  94.7761194   88.23529412
  83.65384615  88.76404494  89.33333333  86.66666667  88.88888889
  90.          86.66666667  92.53731343  89.91596639  90.38461538
  92.13483146  92.          88.33333333  91.11111111  90.
 100.          94.02985075  85.71428571  85.57692308  93.25842697
  90.66666667  93.33333333  82.22222222  93.33333333  80.]