[98.50746269  90.75630252  87.5         91.01123596  85.33333333
  93.33333333  88.88888889  96.66666667 100.          84.32835821
  87.39495798  97.11538462  93.25842697  88.          86.66666667
  82.22222222  96.66666667  93.33333333  93.28358209  91.59663866
  90.38461538  86.51685393  85.33333333  85.          95.55555556
  90.          86.66666667  88.80597015  92.43697479  96.15384615
  87.64044944  98.66666667  91.66666667  84.44444444  76.66666667
  86.66666667  96.26865672  93.27731092  89.42307692  94.38202247
  92.          95.          82.22222222  90.          86.66666667
  95.52238806  95.79831933  90.38461538  76.40449438  85.33333333
  95.          82.22222222  93.33333333  80.          93.28358209
  78.1512605   88.46153846  88.76404494  88.          95.
  75.55555556  76.66666667  66.66666667  95.52238806  88.23529412
  88.46153846  94.38202247  92.          81.66666667  86.66666667
  96.66666667  93.33333333  91.79104478  78.99159664  86.53846154
  89.88764045  88.          90.          88.88888889  73.33333333
 100.          98.50746269  81.51260504  97.11538462  95.50561798
  96.          86.66666667  86.66666667  90.         100.]