[0.00780034 0.01488805 0.05098343 0.02559471 0.03239489 0.05122542
 0.02880311 0.09477663 0.05306482 0.00671744 0.00655866 0.02438593
 0.01853108 0.06310105 0.04933    0.0657258  0.06046891 0.05220723
 0.004246   0.00618005 0.03921127 0.0567627  0.02261448 0.02798319
 0.05661273 0.04323173 0.06964517 0.00405765 0.00709271 0.02400351
 0.04598856 0.0582149  0.0610342  0.05397224 0.0817976  0.04569864
 0.00453019 0.00725603 0.03679013 0.04772878 0.02245855 0.023592
 0.0837872  0.05280375 0.07546663 0.00428033 0.01024437 0.02578545
 0.01850176 0.02254558 0.09272361 0.0338769  0.07988334 0.09501004
 0.00422144 0.00656366 0.03890824 0.01981854 0.04027557 0.04221249
 0.08560038 0.06506658 0.04376149 0.00796843 0.00643635 0.03938842
 0.0251143  0.04250169 0.03731227 0.04088473 0.04020977 0.06961775
 0.00421619 0.00689816 0.05828786 0.03678012 0.03576803 0.04289675
 0.06136084 0.04594469 0.05605817 0.00404143 0.00867724 0.03178692
 0.01530266 0.03999925 0.06572366 0.05593538 0.06785369 0.04604959]