[0.25230956 0.30935335 0.30486321 0.45971084 0.2973609  0.32358551
 0.36797976 0.40140104 0.36465096 0.36241174 0.32324815 0.35343838
 0.37060547 0.41331601 0.43692756 0.39056826 0.4345963  0.4393127
 0.28320432 0.35264611 0.38119698 0.2241931  0.25269103 0.37599182
 0.37548137 0.41830111 0.38849568 0.28122973 0.3507483  0.3588891
 0.44163465 0.39881945 0.36004376 0.34017205 0.44803023 0.37358427
 0.29385233 0.38214183 0.42570686 0.40605974 0.3994813  0.36499047
 0.3730197  0.33821321 0.49043465 0.29038548 0.36152124 0.34973192
 0.2907598  0.33490872 0.42702675 0.34301114 0.38080049 0.49102974
 0.31436896 0.31102395 0.35731387 0.32292318 0.31026626 0.36239219
 0.38712549 0.5364356  0.37120366 0.28819251 0.28929567 0.39619827
 0.33099341 0.43115091 0.30955195 0.32656908 0.43952775 0.38976336
 0.28848243 0.36695313 0.37090087 0.40547895 0.37138915 0.42426896
 0.41074014 0.38355446 0.36724019 0.29010081 0.39821529 0.45375991
 0.39750886 0.37864637 0.44778633 0.41357207 0.45407057 0.51218724]