[22.2881908  22.89627012 22.52531248 22.57481899 22.1968961  22.28113468
 22.37746227 22.1308294  22.15060901 22.41259893 22.33992246 22.43492656
 22.2310277  22.38395437 21.97758238 22.76716051 22.48206204 22.71884544
 22.46155168 22.3959223  22.74063802 22.1863198  22.63633566 22.64485845
 22.17812878 22.74951992 22.42732985 22.54187124 22.30720089 22.15936431
 22.31897325 23.20032752 22.31323004 22.2377859  21.94425066 22.24924764
 22.81535153 22.38867819 22.29597724 22.37386736 22.12664532 23.02841371
 22.22702871 22.15563575 22.07519992 22.6843564  22.23128834 22.18591997
 22.70686737 22.28039048 22.39317916 22.52599871 22.38760744 22.504111
 22.58967868 22.42176949 22.26880809 22.27159116 22.34071437 22.4044553
 22.26512087 22.60240297 22.37213959 22.6556124  22.15559936 22.55922224
 22.77796296 21.88730261 21.99738674 22.49758162 22.51924374 22.08738454
 22.74608259 22.36898278 22.38902018 22.60750367 22.46791753 22.72385048
 23.09295183 22.12772812 22.58886812 22.37992155 21.99431077 22.06364729
 21.73947892 22.57338876 21.85550807 22.30811722 22.387281   22.30437248]