[74.62686567 89.91596639 92.30769231 92.13483146 90.66666667 91.66666667
 80.         83.33333333 73.33333333 79.10447761 85.71428571 92.30769231
 93.25842697 89.33333333 76.66666667 91.11111111 90.         80.
 73.88059701 96.63865546 86.53846154 82.02247191 89.33333333 83.33333333
 91.11111111 73.33333333 86.66666667 94.02985075 86.55462185 92.30769231
 88.76404494 90.66666667 88.33333333 91.11111111 90.         93.33333333
 94.02985075 93.27731092 96.15384615 92.13483146 88.         93.33333333
 95.55555556 76.66666667 86.66666667 95.52238806 93.27731092 84.61538462
 95.50561798 85.33333333 85.         91.11111111 63.33333333 93.33333333
 82.8358209  96.63865546 84.61538462 74.15730337 90.66666667 85.
 88.88888889 93.33333333 86.66666667 95.52238806 89.07563025 91.34615385
 80.8988764  89.33333333 91.66666667 88.88888889 96.66666667 66.66666667
 91.04477612 93.27731092 80.76923077 92.13483146 89.33333333 91.66666667
 86.66666667 90.         80.         96.26865672 89.07563025 92.30769231
 95.50561798 90.66666667 90.         84.44444444 90.         93.33333333]