[array([ 74.62686567,  86.55462185,  92.30769231,  89.88764045,
        84.        ,  93.33333333,  84.44444444,  93.33333333,
        93.33333333,  92.53731343,  79.83193277,  86.53846154,
        85.39325843,  90.66666667,  91.66666667,  84.44444444,
        86.66666667, 100.        ,  97.01492537,  84.87394958,
        90.38461538,  93.25842697,  81.33333333,  86.66666667,
        86.66666667,  96.66666667,  86.66666667,  97.01492537,
        89.07563025,  90.38461538,  95.50561798,  89.33333333,
        93.33333333,  93.33333333,  90.        ,  93.33333333,
        94.7761194 ,  88.23529412,  91.34615385,  93.25842697,
        96.        ,  95.        ,  84.44444444,  86.66666667,
        93.33333333,  88.05970149,  90.75630252,  82.69230769,
        91.01123596,  92.        ,  86.66666667,  95.55555556,
        93.33333333,  93.33333333,  96.26865672,  85.71428571,
        87.5       ,  83.14606742,  86.66666667,  88.33333333,
        95.55555556,  96.66666667,  93.33333333,  98.50746269,
        95.79831933,  82.69230769,  92.13483146,  94.66666667,
        93.33333333,  82.22222222,  90.        ,  80.        ,
        98.50746269,  70.58823529,  86.53846154,  87.64044944,
        89.33333333,  91.66666667,  88.88888889,  96.66666667,
        80.        ,  82.8358209 ,  89.07563025,  96.15384615,
        92.13483146,  96.        ,  90.        ,  91.11111111,
        86.66666667,  80.        ,  99.25373134,  84.03361345,
        95.19230769,  92.13483146,  89.33333333,  90.        ,
        84.44444444,  80.        , 100.        ,  64.92537313,
        89.91596639,  89.42307692,  84.26966292,  89.33333333,
        90.        ,  84.44444444,  86.66666667, 100.        ,
        83.58208955,  84.03361345,  87.5       ,  95.50561798,
        85.33333333,  86.66666667,  82.22222222,  96.66666667,
        93.33333333,  95.52238806,  97.4789916 ,  93.26923077,
        79.7752809 ,  89.33333333,  93.33333333,  91.11111111,
        96.66666667,  80.        ,  80.59701493,  89.07563025,
        82.69230769,  88.76404494,  89.33333333,  85.        ,
        86.66666667,  93.33333333, 100.        ,  95.52238806,
        87.39495798,  79.80769231,  92.13483146,  93.33333333,
        95.        ,  82.22222222,  93.33333333,  93.33333333,
        91.04477612,  81.51260504,  87.5       ,  92.13483146,
        89.33333333,  91.66666667,  91.11111111,  90.        ,
        86.66666667,  99.25373134,  91.59663866,  76.92307692,
        92.13483146,  93.33333333,  98.33333333,  95.55555556,
        83.33333333,  80.        ,  90.29850746,  91.59663866,
        93.26923077,  95.50561798,  85.33333333,  86.66666667,
        86.66666667, 100.        , 100.        ,  88.80597015,
        85.71428571,  87.5       ,  93.25842697,  90.66666667,
        93.33333333,  84.44444444,  86.66666667,  93.33333333,
        92.53731343,  71.42857143,  93.26923077,  96.62921348,
        94.66666667,  88.33333333,  95.55555556,  93.33333333,
        80.        ,  81.34328358,  89.07563025,  81.73076923,
        85.39325843,  94.66666667,  91.66666667,  88.88888889,
        86.66666667,  80.        ,  91.04477612,  87.39495798,
        89.42307692,  87.64044944,  92.        ,  78.33333333,
        91.11111111,  86.66666667, 100.        ,  78.35820896,
        86.55462185,  84.61538462,  91.01123596,  90.66666667,
        83.33333333,  88.88888889,  90.        ,  80.        ,
        94.02985075,  73.94957983,  93.26923077,  94.38202247,
        85.33333333,  85.        ,  84.44444444,  86.66666667,
       100.        ,  76.86567164,  86.55462185,  89.42307692,
        94.38202247,  90.66666667,  93.33333333,  88.88888889,
        86.66666667,  86.66666667,  80.59701493,  92.43697479,
        89.42307692,  80.8988764 ,  96.        ,  88.33333333,
        95.55555556,  93.33333333,  93.33333333,  90.29850746,
        91.59663866,  89.42307692,  82.02247191,  84.        ,
        88.33333333,  95.55555556,  83.33333333,  80.        ,
        88.80597015,  97.4789916 ,  90.38461538,  86.51685393,
        93.33333333,  95.        ,  84.44444444,  73.33333333,
        80.        ,  85.07462687,  71.42857143,  91.34615385,
        89.88764045,  89.33333333,  93.33333333,  80.        ,
        93.33333333,  93.33333333,  88.05970149,  84.87394958,
        84.61538462,  89.88764045,  88.        ,  86.66666667,
        84.44444444,  90.        ,  86.66666667,  94.02985075,
        91.59663866,  92.30769231,  86.51685393,  89.33333333,
        81.66666667,  91.11111111,  96.66666667,  66.66666667,
        67.91044776,  94.11764706,  90.38461538,  78.65168539,
        92.        ,  86.66666667,  91.11111111,  93.33333333,
        93.33333333,  91.04477612,  69.74789916,  92.30769231,
        93.25842697,  92.        ,  73.33333333,  91.11111111,
       100.        ,  73.33333333,  91.79104478,  91.59663866,
        85.57692308,  94.38202247,  86.66666667,  95.        ,
        84.44444444,  83.33333333,  93.33333333, 100.        ,
        83.19327731,  92.30769231,  88.76404494,  92.        ,
        95.        ,  82.22222222,  86.66666667, 100.        ,
        97.76119403,  86.55462185,  88.46153846,  89.88764045,
        86.66666667,  88.33333333,  93.33333333,  96.66666667,
        86.66666667,  98.50746269,  88.23529412,  77.88461538,
        92.13483146,  89.33333333,  86.66666667,  88.88888889,
        80.        ,  73.33333333,  79.10447761,  95.79831933,
        90.38461538,  91.01123596,  90.66666667,  95.        ,
        88.88888889,  80.        ,  86.66666667,  94.02985075,
        78.99159664,  85.57692308,  88.76404494,  82.66666667,
        80.        ,  95.55555556,  80.        ,  86.66666667,
        89.55223881,  92.43697479,  93.26923077,  78.65168539,
        88.        ,  88.33333333,  84.44444444, 100.        ,
        80.        ,  91.04477612,  94.11764706,  90.38461538,
        91.01123596,  90.66666667,  83.33333333,  93.33333333,
        90.        ,  86.66666667,  99.25373134,  75.6302521 ,
        93.26923077,  87.64044944,  97.33333333,  86.66666667,
        93.33333333,  90.        ,  86.66666667,  80.59701493,
        91.59663866,  90.38461538,  87.64044944,  90.66666667,
        90.        ,  86.66666667,  90.        ,  66.66666667,
        85.07462687,  90.75630252,  89.42307692,  88.76404494,
        93.33333333,  86.66666667,  91.11111111,  86.66666667,
       100.        ,  75.37313433,  78.99159664,  77.88461538,
        96.62921348,  85.33333333,  88.33333333,  95.55555556,
        96.66666667,  93.33333333,  88.05970149,  81.51260504,
        80.76923077,  89.88764045,  88.        ,  93.33333333,
        95.55555556,  93.33333333,  86.66666667,  95.52238806,
        89.07563025,  79.80769231,  89.88764045,  90.66666667,
        88.33333333,  84.44444444,  83.33333333,  86.66666667,
        91.04477612,  90.75630252,  89.42307692,  92.13483146,
        82.66666667,  83.33333333,  82.22222222,  93.33333333,
       100.        ,  82.08955224,  91.59663866,  92.30769231,
        92.13483146,  93.33333333,  90.        ,  86.66666667,
        76.66666667,  86.66666667]), array([ 75.37313433,  84.87394958,  92.30769231,  92.13483146,
        80.        ,  93.33333333,  84.44444444,  90.        ,
        93.33333333,  86.56716418,  77.31092437,  88.46153846,
        76.40449438,  88.        ,  86.66666667,  86.66666667,
        96.66666667,  86.66666667,  91.79104478,  86.55462185,
        88.46153846,  93.25842697,  81.33333333,  90.        ,
        93.33333333,  93.33333333,  80.        ,  92.53731343,
        92.43697479,  89.42307692,  86.51685393,  88.        ,
        85.        ,  93.33333333,  90.        ,  86.66666667,
        95.52238806,  84.03361345,  83.65384615,  94.38202247,
        94.66666667,  90.        ,  86.66666667,  86.66666667,
       100.        ,  93.28358209,  73.94957983,  88.46153846,
        93.25842697,  90.66666667,  80.        ,  93.33333333,
        90.        , 100.        ,  95.52238806,  82.35294118,
        86.53846154,  83.14606742,  81.33333333,  88.33333333,
        93.33333333,  93.33333333,  86.66666667,  99.25373134,
        97.4789916 ,  83.65384615,  86.51685393,  94.66666667,
        95.        ,  80.        ,  93.33333333,  86.66666667,
        94.02985075,  68.06722689,  78.84615385,  84.26966292,
        89.33333333,  91.66666667,  88.88888889,  90.        ,
        93.33333333,  83.58208955,  90.75630252,  95.19230769,
        88.76404494,  89.33333333,  90.        ,  82.22222222,
        80.        ,  86.66666667,  98.50746269,  86.55462185,
        97.11538462,  88.76404494,  90.66666667,  86.66666667,
        88.88888889,  73.33333333,  93.33333333,  60.44776119,
        89.07563025,  88.46153846,  85.39325843,  89.33333333,
        90.        ,  77.77777778,  83.33333333, 100.        ,
        81.34328358,  90.75630252,  83.65384615,  91.01123596,
        82.66666667,  88.33333333,  88.88888889,  83.33333333,
        73.33333333,  99.25373134,  96.63865546,  87.5       ,
        89.88764045,  93.33333333,  96.66666667,  88.88888889,
        96.66666667,  86.66666667,  84.32835821,  88.23529412,
        89.42307692,  89.88764045,  82.66666667,  86.66666667,
        82.22222222,  86.66666667,  66.66666667,  95.52238806,
        95.79831933,  88.46153846,  98.87640449,  85.33333333,
        95.        ,  88.88888889,  83.33333333,  93.33333333,
        92.53731343,  77.31092437,  92.30769231,  96.62921348,
        85.33333333,  86.66666667,  86.66666667,  90.        ,
        80.        ,  97.01492537,  94.11764706,  81.73076923,
        93.25842697,  93.33333333,  91.66666667,  91.11111111,
        93.33333333,  86.66666667,  87.31343284,  90.75630252,
        96.15384615,  92.13483146,  89.33333333,  90.        ,
        88.88888889,  96.66666667, 100.        ,  89.55223881,
        92.43697479,  88.46153846,  94.38202247,  89.33333333,
        88.33333333,  86.66666667,  93.33333333,  86.66666667,
        80.59701493,  70.58823529,  88.46153846,  94.38202247,
        97.33333333,  93.33333333,  86.66666667,  90.        ,
        86.66666667,  83.58208955,  94.11764706,  82.69230769,
        91.01123596,  92.        ,  91.66666667,  91.11111111,
        83.33333333,  86.66666667,  91.04477612,  92.43697479,
        90.38461538,  87.64044944,  89.33333333,  78.33333333,
        84.44444444,  70.        ,  93.33333333,  83.58208955,
        89.07563025,  80.76923077,  91.01123596,  93.33333333,
        81.66666667,  91.11111111,  80.        ,  86.66666667,
        95.52238806,  76.47058824,  88.46153846,  97.75280899,
        86.66666667,  85.        ,  84.44444444,  83.33333333,
       100.        ,  79.85074627,  82.35294118,  84.61538462,
        91.01123596,  93.33333333,  91.66666667,  91.11111111,
        93.33333333,  93.33333333,  88.05970149,  93.27731092,
        88.46153846,  87.64044944,  94.66666667,  86.66666667,
        97.77777778,  93.33333333,  80.        ,  94.02985075,
        93.27731092,  87.5       ,  80.8988764 ,  85.33333333,
        83.33333333,  95.55555556,  86.66666667,  80.        ,
        88.05970149,  96.63865546,  89.42307692,  92.13483146,
        86.66666667,  95.        ,  93.33333333,  70.        ,
        73.33333333,  80.59701493,  78.99159664,  93.26923077,
        84.26966292,  88.        ,  86.66666667,  75.55555556,
        83.33333333,  86.66666667,  89.55223881,  90.75630252,
        95.19230769,  91.01123596,  88.        ,  93.33333333,
        86.66666667,  86.66666667,  73.33333333,  91.04477612,
        93.27731092,  89.42307692,  87.64044944,  92.        ,
        86.66666667,  91.11111111,  80.        ,  73.33333333,
        75.37313433,  99.15966387,  80.76923077,  85.39325843,
        86.66666667,  86.66666667,  80.        ,  90.        ,
        93.33333333,  92.53731343,  70.58823529,  88.46153846,
        86.51685393,  94.66666667,  83.33333333,  91.11111111,
        93.33333333,  80.        ,  90.29850746,  99.15966387,
        82.69230769,  85.39325843,  93.33333333,  96.66666667,
        88.88888889,  83.33333333,  93.33333333,  97.76119403,
        82.35294118,  91.34615385,  85.39325843,  89.33333333,
        83.33333333,  84.44444444,  90.        , 100.        ,
        97.76119403,  88.23529412,  89.42307692,  89.88764045,
        82.66666667,  90.        ,  91.11111111,  83.33333333,
        80.        ,  97.76119403,  87.39495798,  78.84615385,
        91.01123596,  86.66666667,  78.33333333,  88.88888889,
        76.66666667,  60.        ,  82.8358209 ,  95.79831933,
        82.69230769,  85.39325843,  92.        ,  93.33333333,
        91.11111111,  73.33333333,  86.66666667,  90.29850746,
        93.27731092,  96.15384615,  94.38202247,  86.66666667,
        76.66666667,  97.77777778,  80.        ,  80.        ,
        88.80597015,  94.11764706,  93.26923077,  78.65168539,
        92.        ,  86.66666667,  77.77777778,  90.        ,
        73.33333333,  92.53731343,  98.31932773,  91.34615385,
        91.01123596,  89.33333333,  78.33333333,  86.66666667,
        83.33333333,  80.        ,  98.50746269,  84.87394958,
        86.53846154,  84.26966292,  89.33333333,  86.66666667,
        93.33333333,  83.33333333,  80.        ,  82.8358209 ,
        96.63865546,  91.34615385,  86.51685393,  89.33333333,
        93.33333333,  82.22222222,  80.        ,  66.66666667,
        89.55223881,  97.4789916 ,  88.46153846,  92.13483146,
        90.66666667,  90.        ,  84.44444444,  90.        ,
        93.33333333,  76.11940299,  78.1512605 ,  78.84615385,
        97.75280899,  85.33333333,  91.66666667,  88.88888889,
        93.33333333,  93.33333333,  91.79104478,  66.38655462,
        93.26923077,  87.64044944,  88.        ,  93.33333333,
        97.77777778,  86.66666667,  86.66666667,  96.26865672,
        90.75630252,  83.65384615,  91.01123596,  96.        ,
        88.33333333,  88.88888889,  83.33333333,  86.66666667,
        92.53731343,  90.75630252,  86.53846154,  89.88764045,
        82.66666667,  88.33333333,  80.        ,  90.        ,
        93.33333333,  85.07462687,  91.59663866,  92.30769231,
        86.51685393,  94.66666667,  86.66666667,  84.44444444,
        86.66666667,  73.33333333]), array([ 77.6119403 ,  82.35294118,  75.96153846,  86.51685393,
        80.        ,  90.        ,  84.44444444,  90.        ,
        86.66666667,  90.29850746,  81.51260504,  81.73076923,
        69.66292135,  80.        ,  86.66666667,  88.88888889,
        90.        ,  80.        ,  91.04477612,  84.87394958,
        81.73076923,  88.76404494,  82.66666667,  85.        ,
        88.88888889, 100.        ,  73.33333333,  92.53731343,
        85.71428571,  82.69230769,  79.7752809 ,  85.33333333,
        85.        ,  91.11111111,  90.        ,  86.66666667,
        94.02985075,  83.19327731,  87.5       ,  68.53932584,
        96.        ,  88.33333333,  80.        ,  86.66666667,
       100.        ,  90.29850746,  82.35294118,  71.15384615,
        77.52808989,  94.66666667,  80.        ,  88.88888889,
        93.33333333,  86.66666667,  83.58208955,  72.26890756,
        54.80769231,  75.28089888,  81.33333333,  91.66666667,
        95.55555556,  90.        ,  86.66666667,  99.25373134,
        93.27731092,  78.84615385,  88.76404494,  88.        ,
        93.33333333,  77.77777778,  86.66666667,  80.        ,
        96.26865672,  68.06722689,  64.42307692,  75.28089888,
        86.66666667,  88.33333333,  84.44444444,  93.33333333,
        73.33333333,  81.34328358,  89.91596639,  81.73076923,
        82.02247191,  89.33333333,  93.33333333,  86.66666667,
        66.66666667,  86.66666667,  97.76119403,  78.99159664,
        90.38461538,  85.39325843,  89.33333333,  86.66666667,
        82.22222222,  80.        ,  80.        ,  61.19402985,
        84.87394958,  67.30769231,  56.17977528,  86.66666667,
        83.33333333,  80.        ,  83.33333333,  93.33333333,
        81.34328358,  84.03361345,  79.80769231,  79.7752809 ,
        74.66666667,  86.66666667,  88.88888889,  83.33333333,
        80.        ,  99.25373134,  96.63865546,  73.07692308,
        68.53932584,  90.66666667,  95.        ,  88.88888889,
        90.        ,  80.        ,  85.07462687,  85.71428571,
        76.92307692,  75.28089888,  93.33333333,  86.66666667,
        77.77777778,  90.        ,  73.33333333,  96.26865672,
        93.27731092,  73.07692308,  86.51685393,  81.33333333,
        95.        ,  84.44444444,  90.        ,  93.33333333,
        91.79104478,  78.1512605 ,  67.30769231,  80.8988764 ,
        72.        ,  91.66666667,  95.55555556,  90.        ,
        73.33333333,  97.01492537,  86.55462185,  79.80769231,
        75.28089888,  90.66666667,  91.66666667,  91.11111111,
        90.        ,  86.66666667,  88.05970149,  83.19327731,
        88.46153846,  59.5505618 ,  76.        ,  90.        ,
        84.44444444,  93.33333333,  93.33333333,  89.55223881,
        91.59663866,  83.65384615,  85.39325843,  88.        ,
        86.66666667,  91.11111111,  90.        ,  86.66666667,
        79.10447761,  68.90756303,  74.03846154,  82.02247191,
        88.        ,  90.        ,  91.11111111,  90.        ,
        73.33333333,  82.8358209 ,  89.91596639,  80.76923077,
        83.14606742,  90.66666667,  83.33333333,  88.88888889,
        80.        ,  86.66666667,  90.29850746,  89.07563025,
        80.76923077,  77.52808989,  78.66666667,  78.33333333,
        91.11111111,  76.66666667,  93.33333333,  79.10447761,
        85.71428571,  76.92307692,  78.65168539,  92.        ,
        75.        ,  88.88888889,  83.33333333,  86.66666667,
        92.53731343,  74.78991597,  84.61538462,  82.02247191,
        85.33333333,  81.66666667,  84.44444444,  80.        ,
        93.33333333,  76.11940299,  84.03361345,  86.53846154,
        83.14606742,  85.33333333,  86.66666667,  88.88888889,
        86.66666667,  86.66666667,  81.34328358,  92.43697479,
        71.15384615,  75.28089888,  93.33333333,  88.33333333,
        95.55555556,  96.66666667,  80.        ,  94.02985075,
        94.11764706,  84.61538462,  80.8988764 ,  82.66666667,
        90.        ,  88.88888889,  83.33333333,  73.33333333,
        87.31343284,  94.11764706,  76.92307692,  55.05617978,
        80.        ,  93.33333333,  86.66666667,  73.33333333,
        93.33333333,  76.11940299,  78.99159664,  85.57692308,
        77.52808989,  78.66666667,  81.66666667,  71.11111111,
        90.        ,  86.66666667,  90.29850746,  84.87394958,
        76.92307692,  84.26966292,  82.66666667,  93.33333333,
        84.44444444,  83.33333333,  80.        ,  91.79104478,
        92.43697479,  80.76923077,  87.64044944,  82.66666667,
        83.33333333,  86.66666667,  96.66666667,  73.33333333,
        73.13432836,  94.95798319,  64.42307692,  79.7752809 ,
        86.66666667,  86.66666667,  84.44444444,  90.        ,
        93.33333333,  91.04477612,  72.26890756,  77.88461538,
        82.02247191,  94.66666667,  83.33333333,  93.33333333,
        86.66666667,  66.66666667,  86.56716418,  93.27731092,
        72.11538462,  78.65168539,  89.33333333,  96.66666667,
        73.33333333,  80.        ,  73.33333333, 100.        ,
        77.31092437,  68.26923077,  76.40449438,  86.66666667,
        91.66666667,  80.        ,  93.33333333,  86.66666667,
        97.01492537,  82.35294118,  78.84615385,  71.91011236,
        80.        ,  90.        ,  93.33333333,  90.        ,
        80.        ,  97.01492537,  85.71428571,  77.88461538,
        75.28089888,  86.66666667,  86.66666667,  91.11111111,
        70.        ,  60.        ,  80.59701493,  94.95798319,
        74.03846154,  78.65168539,  81.33333333,  80.        ,
        88.88888889,  60.        ,  93.33333333,  84.32835821,
        83.19327731,  81.73076923,  66.29213483,  84.        ,
        78.33333333,  88.88888889,  83.33333333,  93.33333333,
        89.55223881,  89.91596639,  75.96153846,  69.66292135,
        93.33333333,  86.66666667,  77.77777778,  96.66666667,
        73.33333333,  91.04477612,  95.79831933,  75.96153846,
        70.78651685,  92.        ,  81.66666667,  84.44444444,
        83.33333333,  86.66666667,  95.52238806,  80.67226891,
        73.07692308,  80.8988764 ,  88.        ,  90.        ,
        95.55555556,  80.        ,  80.        ,  80.59701493,
        91.59663866,  82.69230769,  49.43820225,  89.33333333,
        91.66666667,  75.55555556,  76.66666667,  73.33333333,
        89.55223881,  94.11764706,  89.42307692,  74.15730337,
        93.33333333,  83.33333333,  82.22222222,  93.33333333,
        86.66666667,  71.64179104,  72.26890756,  80.76923077,
        82.02247191,  85.33333333,  88.33333333,  86.66666667,
        93.33333333,  80.        ,  91.04477612,  60.50420168,
        79.80769231,  93.25842697,  92.        ,  95.        ,
        95.55555556,  90.        ,  86.66666667,  97.76119403,
        76.47058824,  73.07692308,  76.40449438,  84.        ,
        90.        ,  93.33333333,  80.        ,  80.        ,
        91.04477612,  90.75630252,  82.69230769,  84.26966292,
        77.33333333,  86.66666667,  82.22222222,  93.33333333,
        93.33333333,  75.37313433,  92.43697479,  82.69230769,
        79.7752809 ,  86.66666667,  90.        ,  86.66666667,
        76.66666667,  73.33333333])]