[25.92413472 25.61101557 25.92381255 25.86509279 25.69958143 25.63343725
 25.88504413 25.13167596 26.23621395 25.57091517 25.78049833 25.60786284
 26.15780629 25.6362751  26.1136419  26.04280983 25.6142002  26.2465341
 25.6531757  25.9286861  25.62264081 26.10825942 25.83378677 25.41783413
 25.42968869 25.86584536 25.99330663 25.9125131  25.79530736 25.89054079
 26.10951705 26.00745456 25.77833467 25.55751363 25.75574029 25.68362431
 26.06444102 25.82861287 26.07242081 26.36697009 25.98759587 25.97881373
 25.82048668 26.11451459 25.89989447 25.94490093 25.97225247 25.89954725
 26.23401328 25.72899457 25.77719028 26.2213981  26.17377889 25.78407481
 26.13305096 26.17774102 26.19702955 25.74627029 25.48885858 25.63547228
 25.67483239 25.14685782 26.08367049 25.5600808  26.02603218 26.06009501
 25.8519272  25.70407988 26.10441878 26.44470069 25.76907003 25.64457525
 25.62273213 25.51563849 25.77753894 25.2987742  25.50143564 25.897922
 25.9105181  25.43867456 25.61702488 25.56088652 26.17962953 26.1176457
 25.47744589 25.71721769 25.7904328  25.87298709 25.38802425 26.00952599
 25.37595172 25.45453285 25.36115089 25.34343085 25.77840657 26.00856024
 25.46381917 25.55984394 26.0005805  25.83435943 25.95547033 25.50061997
 25.80413183 25.70118554 25.54183951 25.68721118 25.79119266 26.08512251
 25.63959183 25.76474251 25.81600526 26.36278541 25.63032603 25.73497726
 26.24768753 26.07858224 25.78168528 25.97686933 26.04307687 26.10340478
 25.58344642 25.66160589 25.81895698 25.69118849 25.92667514 25.75846665
 26.41900585 26.15375897 26.07435272 25.88657695 25.80440172 26.07829729
 25.84726485 25.43264996 25.95780044 25.98057344 25.91918464 25.63448202
 25.75389048 25.71887846 26.38111    25.96830809 25.57492464 25.89943483
 26.03282208 25.8985598  25.81670012 25.68550852 25.86541411 25.87299204
 25.48921294 25.69664371 26.01095381 25.89780889 25.64345174 25.87952402
 25.40669997 25.81684215 25.61770807 25.92421908 25.86250088 25.6436229
 25.8508053  25.89427092 25.65552873 25.77340225 25.74610247 26.17121604
 25.76609266 26.23068771 25.74455826 25.52583685 25.88864473 25.69930079
 25.64581507 25.76592729 25.51450386 25.89636226 25.92167744 25.50446475
 25.63155086 25.71635413 26.19065552 26.26462003 25.81960492 26.22610874
 25.78966136 25.82819406 25.52042053 25.73064114 25.31280053 25.905697
 25.35826724 25.38137338 26.02769009 25.82126968 25.51105313 25.4852659
 25.81635027 25.93923445 26.14741293 25.32930392 25.76912911 25.86377801
 25.86801833 25.72552363 26.28669134 25.6087082  25.83011418 25.61507251
 26.26553501 26.00693992 25.58329603 25.84350171 25.7824242  26.06104729
 25.99534836 26.16148565 25.8939992  25.45855672 26.41730578 25.89416275
 25.08758505 25.73748088 25.86865406 25.77145328 26.07498561 26.16145487
 25.61209936 25.65628023 25.99511535 25.5342541  25.87129132 25.29478801
 25.73614771 25.84214256 26.10906374 25.74126468 25.65247434 25.78840432
 25.91178602 26.46349204 26.07495648 25.78126115 26.06447989 25.7805358
 25.64283172 25.70645057 25.75877374 25.54257768 25.58630672 25.84073394
 25.74387436 25.42911091 25.88286422 25.85306381 25.86023406 26.05865017
 25.55753812 25.43593525 26.11362493 25.5542026  26.07226358 25.70040955
 26.12751744 25.37922197 25.41117502 25.11093336 25.70424401 25.93796859
 26.22518288 26.23400629 25.62672905 25.4971256  25.99141791 25.74087631
 25.54431531 25.88723565 25.50426545 25.71548816 25.87424123 25.90357115
 25.79021349 25.94018082 25.52662524 25.73555347 25.66051997 25.86065012
 25.86418055 25.58347354 25.87377108 26.10736504 25.77120589 25.62627736
 25.18930285 25.71465099 25.83148214 25.66285415 26.28519488 25.9296562
 26.0811656  25.55953222 26.42253587 25.9736913  25.65582208 25.88675414
 26.03265561 26.12850388 25.65814925 26.02569619 25.76291926 25.60555306
 25.89300466 25.6528396  25.96663382 26.1312822  25.73650409 26.01360013
 26.05175557 25.83817165 26.00801877 25.73381577 25.79571967 25.97723529
 25.68592919 25.47224526 25.85186077 25.47067444 25.85982702 25.55132334
 25.40233992 25.39921884 25.58197321 25.99525904 25.62677411 25.61665214
 25.71720192 25.62581857 26.14581125 25.44390796 25.6343683  25.60766815
 25.75170293 26.02904399 25.44244245 25.89804767 25.78985661 25.85112946
 25.93496525 25.94754125 25.73832357 25.73133096 25.88861781 25.38326836
 25.42603531 25.25652069 25.58981054 25.57011695 25.62423352 25.8313869
 25.73824539 25.68523509 25.93336667 25.60585388 26.08319307 25.98775854
 25.90055857 26.05422463 25.68061755 25.41383062 26.03531009 26.12635448
 25.95754145 25.64587337 26.39328852 25.14393062 25.89155748 25.42093268
 26.0557654  25.84930139 25.33385612 25.91905738 25.74497424 25.50756346
 25.49972741 25.84240106 25.8798567  26.16293825 26.28979594 25.97398572
 25.48820204 25.68194916 25.67286309 25.72812346 25.5070898  25.91262462
 25.80500352 25.7384207  25.85475789 25.54830107 26.0769645  25.86469914
 26.19715976 25.71857223 25.58645697 25.56928433 26.17166014 25.67293482
 25.6665104  25.81732204 25.74885879 25.70057672 25.53074119 25.70644359
 26.07903912 25.55466811 26.0399696  25.88806281 25.69891265 26.36879319
 25.36311942 25.83272799 25.61363978 26.04877693 25.80513328 25.77556919
 25.73701179 25.96774998 26.01315218 25.89365355 25.9526961  25.72454405
 26.14958449 26.16419309 25.9101638  26.17697874 25.7322748  25.53580971
 25.75872695 25.74150739 26.11892091 25.58512948 25.99153813 25.87803667
 25.76648911 26.15758311 25.67057154 25.54050117 25.55504273 25.62890364]