[0.31612396 0.33171248 0.33148742 0.3206892  0.46062946 0.45052314
 0.41754079 0.38125253 0.51594925 0.30558801 0.31298423 0.32332587
 0.42343211 0.40408993 0.47303724 0.44124556 0.50515056 0.37590647
 0.35013962 0.37598896 0.46328211 0.39747787 0.48984694 0.45667434
 0.41602445 0.5088892  0.42030501 0.32610774 0.31945658 0.42131901
 0.42018414 0.34632611 0.40770197 0.38955164 0.40926957 0.41876078
 0.31230807 0.33023596 0.41023755 0.40164423 0.44792128 0.35902691
 0.3461895  0.44581246 0.47425032 0.32334566 0.47177625 0.38921857
 0.42651486 0.38062406 0.42199659 0.35774302 0.34695697 0.50007296
 0.30522728 0.44589019 0.31295919 0.3535707  0.46637344 0.34915066
 0.43791413 0.42849874 0.51565075 0.30066681 0.37417126 0.32503891
 0.43309879 2.10135007 0.40661192 0.47400498 0.36480951 0.40904069
 0.31588531 0.37692356 0.38551402 0.34553003 0.39754462 0.40861225
 0.403579   0.3408339  0.44602752 0.31406355 0.31204247 0.27788997
 0.30626941 0.24222064 0.23050737 0.28165698 0.26589966 0.24261189
 0.19546723 0.26979041 0.25384378 0.33464336 0.30670428 0.34460068
 0.28703547 0.27307081 0.32713675 0.26599741 0.36599326 0.24133897
 0.28105569 0.29810882 0.32497215 0.23473096 0.28260565 0.30257678
 0.25768542 0.28640699 0.25189424 0.22537255 0.24212885 0.27550364
 0.28860855 0.26496506 0.28463912 0.2603898  0.28146219 0.32014775
 0.27965951 0.26971936 0.34810138 0.26522446 0.27891111 0.41909289
 0.18884349 0.31481695 0.35801601 0.27472281 0.26365948 0.3506968
 0.37210584 0.40839934 0.25635934 0.18197536 0.2620852  0.29205847
 0.28865051 0.26370955 0.27065229 0.24642086 0.5717268  0.53012562
 0.27797985 0.24271321 0.26584911 0.25436091 0.30963397 0.31198668
 0.30351448 0.31344986 0.32845592 0.22760296 0.26176357 0.30968451
 0.3273232  0.30540967 0.32759619 0.35411286 0.35205555 0.34715724
 0.1938386  0.31976223 0.30166554 0.41457987 0.32118249 0.45281959
 0.51735282 0.43911648 0.45755553 0.29500079 0.39258623 0.37596011
 0.33546853 0.37925601 0.37703013 0.36658096 0.50006604 0.39639592
 0.33967376 0.40673614 0.31415319 0.337219   0.42961574 0.41037202
 0.43374395 0.47970939 0.36375713 0.38100982 0.40849805 0.37815809
 0.34929609 0.40120816 0.43755126 0.41978955 0.45864964 0.47444415
 0.30557537 0.39971209 0.30813932 0.39750457 0.38128042 0.40806079
 0.47176433 0.36950946 0.51367259 0.32351685 0.35594845 0.38487506
 0.42351055 0.42500544 0.43768644 0.4634943  0.51857805 0.46171546
 0.33292174 0.43819928 0.32360435 0.41506052 0.37156057 0.38850832
 0.45244098 0.46778393 0.4924469  0.31689739 0.393435   0.41712928
 0.44910431 0.38691998 0.42831135 0.42393422 0.50196815 0.49774241
 0.32393551 0.35495806 0.37831259 0.45147467 0.40600467 0.46268344
 0.50072575 0.50145936 0.43511653 0.32921386 0.33136868 0.38401461
 0.38604546 0.34197545 0.49510217 0.48302984 0.46681738 0.45276856
 0.47706866 0.36359978 0.46275425 0.42534113 0.33791757 0.46796942
 0.52594161 0.45957088 0.50679398 0.345402   0.432338   0.41083622
 0.41094112 0.4545939  0.4180553  0.43144798 0.42819071 0.59316945
 0.42395878 0.41243649 0.4580183  0.39271331 0.48591137 0.4768579
 0.45508504 0.49024725 0.47374511 0.35103464 0.42070079 0.43825626
 0.53475213 0.32477641 0.44965458 0.42278123 0.43090343 0.41992044
 0.33992243 0.45926094 0.34849215 0.32641411 0.49506998 0.38402867
 0.3858254  0.46760058 0.4392314  0.33090711 0.39347863 0.45313311
 0.45512819 0.49381161 0.37759995 0.50945568 0.46156049 0.49485993
 0.30384684 0.45759106 0.37935328 0.36684322 0.35601258 0.46493673
 0.41529179 0.51740599 0.44179201 0.39231277 0.41872692 0.35899091
 0.43622589 0.44937181 0.44044566 0.51069069 0.37786269 0.4754498
 0.31401825 0.53788686 0.40737104 0.40620565 0.38555121 0.4080863
 0.49645901 0.40021944 0.47833729 0.318609   0.38209486 0.37553167
 0.54872084 0.36736465 0.46918368 0.45621777 0.49250102 0.49501443
 0.31671476 0.40301609 0.46905732 0.44364285 0.41741896 0.42272282
 0.47544813 0.48751378 0.38679576 0.39126158 0.4944725  0.4828608
 0.38245225 0.47804093 0.44855189 0.51646709 0.46788025 0.55513191
 0.33448768 0.41219568 0.42077923 0.46437144 0.38598943 0.31902385
 0.45749331 0.52742386 0.39176512 0.35627365 0.39785552 0.53797626
 0.37559795 0.43070793 0.48378134 0.35374594 0.4198451  0.52841449
 0.32246685 0.45606947 0.42826653 0.44955659 0.42308831 0.4845202
 0.47573352 0.53250933 0.40844941 0.44645691 0.52043676 0.41388607
 0.36442471 0.43719077 0.44525123 0.44860744 0.52929449 0.52496386
 0.33466172 0.53702617 0.46345258 0.48089743 0.48769689 0.51964974
 0.46437573 0.48296165 0.47804976 0.3366766  0.45564318 0.30405164
 0.37880516 0.39560485 0.46980548 0.39796472 0.52365708 0.56943631
 0.33421969 0.46151996 0.32368016 0.4765048  0.48008418 0.53352571
 0.36050701 0.50858307 0.55004549 0.29906726 0.44367623 0.31996417
 0.42980194 0.41933131 0.48729634 0.51619315 0.56552196 0.36588836
 0.43555474 0.35895419 0.53542709 0.38546634 0.44668722 0.42609024
 0.44644141 0.55216694 0.51308703 0.30728531 0.38915849 0.36491108
 0.40463758 0.50467706 0.46925616 0.4664681  0.507586   0.49169707]