[74.62686567  86.55462185  92.30769231  89.88764045  84.
  93.33333333  84.44444444  93.33333333  93.33333333  92.53731343
  79.83193277  86.53846154  85.39325843  90.66666667  91.66666667
  84.44444444  86.66666667 100.          97.01492537  84.87394958
  90.38461538  93.25842697  81.33333333  86.66666667  86.66666667
  96.66666667  86.66666667  97.01492537  89.07563025  90.38461538
  95.50561798  89.33333333  93.33333333  93.33333333  90.
  93.33333333  94.7761194   88.23529412  91.34615385  93.25842697
  96.          95.          84.44444444  86.66666667  93.33333333
  88.05970149  90.75630252  82.69230769  91.01123596  92.
  86.66666667  95.55555556  93.33333333  93.33333333  96.26865672
  85.71428571  87.5         83.14606742  86.66666667  88.33333333
  95.55555556  96.66666667  93.33333333  98.50746269  95.79831933
  82.69230769  92.13483146  94.66666667  93.33333333  82.22222222
  90.          80.          98.50746269  70.58823529  86.53846154
  87.64044944  89.33333333  91.66666667  88.88888889  96.66666667
  80.          82.8358209   89.07563025  96.15384615  92.13483146
  96.          90.          91.11111111  86.66666667  80.
  99.25373134  84.03361345  95.19230769  92.13483146  89.33333333
  90.          84.44444444  80.         100.          64.92537313
  89.91596639  89.42307692  84.26966292  89.33333333  90.
  84.44444444  86.66666667 100.          83.58208955  84.03361345
  87.5         95.50561798  85.33333333  86.66666667  82.22222222
  96.66666667  93.33333333  95.52238806  97.4789916   93.26923077
  79.7752809   89.33333333  93.33333333  91.11111111  96.66666667
  80.          80.59701493  89.07563025  82.69230769  88.76404494
  89.33333333  85.          86.66666667  93.33333333 100.
  95.52238806  87.39495798  79.80769231  92.13483146  93.33333333
  95.          82.22222222  93.33333333  93.33333333  91.04477612
  81.51260504  87.5         92.13483146  89.33333333  91.66666667
  91.11111111  90.          86.66666667  99.25373134  91.59663866
  76.92307692  92.13483146  93.33333333  98.33333333  95.55555556
  83.33333333  80.          90.29850746  91.59663866  93.26923077
  95.50561798  85.33333333  86.66666667  86.66666667 100.
 100.          88.80597015  85.71428571  87.5         93.25842697
  90.66666667  93.33333333  84.44444444  86.66666667  93.33333333
  92.53731343  71.42857143  93.26923077  96.62921348  94.66666667
  88.33333333  95.55555556  93.33333333  80.          81.34328358
  89.07563025  81.73076923  85.39325843  94.66666667  91.66666667
  88.88888889  86.66666667  80.          91.04477612  87.39495798
  89.42307692  87.64044944  92.          78.33333333  91.11111111
  86.66666667 100.          78.35820896  86.55462185  84.61538462
  91.01123596  90.66666667  83.33333333  88.88888889  90.
  80.          94.02985075  73.94957983  93.26923077  94.38202247
  85.33333333  85.          84.44444444  86.66666667 100.
  76.86567164  86.55462185  89.42307692  94.38202247  90.66666667
  93.33333333  88.88888889  86.66666667  86.66666667  80.59701493
  92.43697479  89.42307692  80.8988764   96.          88.33333333
  95.55555556  93.33333333  93.33333333  90.29850746  91.59663866
  89.42307692  82.02247191  84.          88.33333333  95.55555556
  83.33333333  80.          88.80597015  97.4789916   90.38461538
  86.51685393  93.33333333  95.          84.44444444  73.33333333
  80.          85.07462687  71.42857143  91.34615385  89.88764045
  89.33333333  93.33333333  80.          93.33333333  93.33333333
  88.05970149  84.87394958  84.61538462  89.88764045  88.
  86.66666667  84.44444444  90.          86.66666667  94.02985075
  91.59663866  92.30769231  86.51685393  89.33333333  81.66666667
  91.11111111  96.66666667  66.66666667  67.91044776  94.11764706
  90.38461538  78.65168539  92.          86.66666667  91.11111111
  93.33333333  93.33333333  91.04477612  69.74789916  92.30769231
  93.25842697  92.          73.33333333  91.11111111 100.
  73.33333333  91.79104478  91.59663866  85.57692308  94.38202247
  86.66666667  95.          84.44444444  83.33333333  93.33333333
 100.          83.19327731  92.30769231  88.76404494  92.
  95.          82.22222222  86.66666667 100.          97.76119403
  86.55462185  88.46153846  89.88764045  86.66666667  88.33333333
  93.33333333  96.66666667  86.66666667  98.50746269  88.23529412
  77.88461538  92.13483146  89.33333333  86.66666667  88.88888889
  80.          73.33333333  79.10447761  95.79831933  90.38461538
  91.01123596  90.66666667  95.          88.88888889  80.
  86.66666667  94.02985075  78.99159664  85.57692308  88.76404494
  82.66666667  80.          95.55555556  80.          86.66666667
  89.55223881  92.43697479  93.26923077  78.65168539  88.
  88.33333333  84.44444444 100.          80.          91.04477612
  94.11764706  90.38461538  91.01123596  90.66666667  83.33333333
  93.33333333  90.          86.66666667  99.25373134  75.6302521
  93.26923077  87.64044944  97.33333333  86.66666667  93.33333333
  90.          86.66666667  80.59701493  91.59663866  90.38461538
  87.64044944  90.66666667  90.          86.66666667  90.
  66.66666667  85.07462687  90.75630252  89.42307692  88.76404494
  93.33333333  86.66666667  91.11111111  86.66666667 100.
  75.37313433  78.99159664  77.88461538  96.62921348  85.33333333
  88.33333333  95.55555556  96.66666667  93.33333333  88.05970149
  81.51260504  80.76923077  89.88764045  88.          93.33333333
  95.55555556  93.33333333  86.66666667  95.52238806  89.07563025
  79.80769231  89.88764045  90.66666667  88.33333333  84.44444444
  83.33333333  86.66666667  91.04477612  90.75630252  89.42307692
  92.13483146  82.66666667  83.33333333  82.22222222  93.33333333
 100.          82.08955224  91.59663866  92.30769231  92.13483146
  93.33333333  90.          86.66666667  76.66666667  86.66666667]