[0.0042479  0.00684214 0.02230573 0.04700541 0.05559731 0.03874803
 0.07792974 0.12262344 0.10772419 0.00469017 0.00841093 0.01289606
 0.03048038 0.05048394 0.02430177 0.04871297 0.07330465 0.06136942
 0.00436854 0.00709152 0.03201866 0.05093622 0.02169394 0.06581211
 0.07294798 0.09916925 0.07923913 0.00418687 0.0192647  0.04608798
 0.05106258 0.04614115 0.039783   0.03733063 0.05905414 0.08040786
 0.00755525 0.00695133 0.03427458 0.0397234  0.03275275 0.06665254
 0.03037095 0.07360816 0.09524512 0.01308775 0.00803018 0.04735541
 0.04499483 0.03849435 0.05320644 0.06266356 0.05115557 0.05837417
 0.01002026 0.00814366 0.03179288 0.03194594 0.02554727 0.04504395
 0.04490137 0.06865335 0.12476635 0.0041306  0.007586   0.02293468
 0.04878879 0.08125091 0.08086848 0.04473996 0.09614301 0.06655979
 0.00448561 0.00740075 0.03458548 0.02385545 0.02228975 0.0732038
 0.05511618 0.06263971 0.09138417 0.00366473 0.00602269 0.0356741
 0.04719162 0.01686049 0.02275562 0.02735043 0.0514307  0.03502464
 0.0026536  0.00431299 0.01064444 0.07475471 0.04731965 0.06900787
 0.05582571 0.03080559 0.04720736 0.00588822 0.00958395 0.00988197
 0.01999569 0.04171801 0.07618737 0.02586937 0.02995753 0.03981423
 0.00676823 0.00640535 0.00989413 0.01318622 0.01677418 0.02544475
 0.07020831 0.03026009 0.05830026 0.00990629 0.00601411 0.02466106
 0.01329255 0.01733994 0.02603364 0.03073192 0.04375386 0.09899259
 0.00424623 0.01056242 0.11163855 0.02891207 0.13290548 0.08089519
 0.11042643 0.05898666 0.03838611 0.00495005 0.00689507 0.02107882
 0.0154295  0.01704264 0.02319288 0.05126286 0.10951185 0.18708181
 0.01240802 0.01425648 0.00967884 0.01815224 0.05784225 0.02324653
 0.03439569 0.08467221 0.04076743 0.00305915 0.00688744 0.01467919
 0.02129316 0.0318737  0.02902746 0.04537892 0.1065135  0.0903151
 0.00334287 0.00560617 0.0149653  0.03358269 0.05998111 0.0718019
 0.04385972 0.13359737 0.07545662 0.0045023  0.00780725 0.02937865
 0.02862453 0.02181911 0.07897115 0.07043076 0.17762661 0.07205105
 0.00423551 0.00703144 0.01242709 0.02864337 0.02652478 0.05815101
 0.09737372 0.06461525 0.09537554 0.00446701 0.0074439  0.03768587
 0.02905083 0.07351899 0.06917071 0.06023335 0.07963562 0.05491447
 0.01030302 0.00931454 0.01305389 0.01376414 0.06923103 0.05596542
 0.05299807 0.07251763 0.07951689 0.00802135 0.00750971 0.04245281
 0.08991146 0.0745523  0.05629778 0.06881666 0.04619336 0.09405494
 0.00480652 0.00986767 0.01321864 0.03829455 0.06157875 0.05007958
 0.09435725 0.07451034 0.07450628 0.01124978 0.00726509 0.04577684
 0.03553987 0.04135346 0.03360939 0.06578422 0.0395329  0.08397675
 0.00394678 0.01435041 0.02433228 0.05566168 0.06835175 0.06469297
 0.06649733 0.09292126 0.14766622 0.01091909 0.01964211 0.06935334
 0.0579865  0.03352714 0.13674641 0.06003499 0.0727706  0.07801723
 0.00475502 0.0070374  0.03755927 0.06380725 0.03252625 0.11875701
 0.12144208 0.09373021 0.06685042 0.0055294  0.01059508 0.02712584
 0.04153609 0.10587096 0.03362489 0.10929322 0.03657675 0.22476244
 0.00474167 0.01092863 0.05363297 0.07588911 0.06174374 0.08379984
 0.09124207 0.07627702 0.13091874 0.00740767 0.00917363 0.02386808
 0.04580212 0.03496981 0.05507231 0.04128718 0.09907293 0.08723235
 0.00450683 0.01550007 0.06656408 0.06479692 0.04327035 0.0449779
 0.08818293 0.09025431 0.04792643 0.00928473 0.01611876 0.05752707
 0.0512526  0.06075358 0.06358719 0.07290006 0.14694643 0.06769323
 0.00462556 0.00787973 0.02495456 0.01944017 0.04461336 0.0819664
 0.08825207 0.11012411 0.19634867 0.00787044 0.00828314 0.01466465
 0.03895235 0.03445768 0.06038523 0.0699594  0.03320479 0.10986304
 0.0061233  0.00912285 0.04725504 0.04993677 0.0366087  0.05826473
 0.11621046 0.07054687 0.0634315  0.00571275 0.02030158 0.02864742
 0.03580451 0.02254963 0.04515553 0.05816627 0.10236168 0.05471587
 0.00488043 0.0141747  0.02740073 0.01898623 0.04334521 0.11154866
 0.08238506 0.08110285 0.21381307 0.00772166 0.01389194 0.04835916
 0.01560712 0.04851317 0.05366516 0.06061459 0.1133132  0.06886911
 0.01917887 0.01925707 0.05596471 0.01565886 0.03761268 0.04050922
 0.08697724 0.0381875  0.06205606 0.00782585 0.01206398 0.07725501
 0.03470635 0.08346224 0.04699087 0.05367374 0.10535002 0.07751203
 0.010221   0.02052879 0.03517199 0.02746177 0.09029961 0.03347611
 0.11735821 0.04595947 0.10753775 0.00876594 0.00943112 0.02517629
 0.02981448 0.04429913 0.05100203 0.07580447 0.05615187 0.05937147
 0.00588107 0.00843406 0.03810263 0.03209758 0.02029657 0.06855416
 0.09900594 0.10721278 0.09455276 0.0045979  0.00707102 0.0117681
 0.03051043 0.04151988 0.0962019  0.14541841 0.24827337 0.21223259
 0.00733185 0.01413488 0.07884049 0.04262471 0.05459571 0.09936666
 0.04519558 0.10929155 0.09994769 0.00539875 0.00953603 0.04930472
 0.03103232 0.04365277 0.04981637 0.08442473 0.06908393 0.08275318
 0.00771499 0.01370215 0.06543756 0.03496718 0.07965255 0.07678342
 0.0535326  0.03660893 0.12219763 0.00589347 0.00789142 0.03309131
 0.05411506 0.08864665 0.04678726 0.05354381 0.06428385 0.10728812]