[22.66189075 22.25243068 22.77614477 22.36212067 22.63939253 22.93710341
 22.17351157 21.99749596 21.93500147 22.05323927 22.33469747 22.74998433
 22.05479426 22.29824386 22.8012464  22.12889948 22.00724353 22.41260974
 23.26431511 22.38854935 22.18386502 22.49582228 22.28206828 22.12367588
 22.13189358 22.28551442 22.16637247 22.46162561 22.73483421 22.24112513
 22.59255535 22.28284181 23.02227219 22.02154862 22.22445719 22.46851407
 22.40893019 22.58360158 22.23948709 22.38882152 22.24397354 22.4433231
 22.27352845 22.19311018 21.80059161 22.21620897 22.32880907 22.40683013
 22.76614703 22.58800928 22.13411631 22.13357531 22.13661613 22.35548977
 22.43660765 22.3265225  22.53557036 22.68552704 22.24116124 22.14849642
 22.30697334 22.34655989 22.13938281 22.44673236 22.38637443 22.43806624
 22.20373587 22.10864909 21.90163319 22.04236721 22.51710152 22.27427077
 22.41917016 22.18079076 22.88542923 22.61598932 22.81965547 22.1904758
 21.97091492 22.42777527 22.08422509 22.3273614  22.4737668  22.1705748
 22.8657705  22.43322262 22.58932586 21.80742687 22.27212054 22.91523254
 22.35497959 22.20131642 22.54266185 22.32424208 22.13088049 22.12483176
 22.4865961  22.34974222 22.2305654  21.49235869 22.34638874 22.47205565
 22.64094596 22.34732377 22.39215864 22.68701419 22.56047509 22.57844655
 22.66624063 22.53179636 22.68025305 22.75863294 22.06310008 22.48712408
 21.88408218 22.88871634 22.03845548 21.87676576 22.32327226 22.0297277
 22.19760575 22.20082207 22.50404101 22.684524   22.34231833 22.19141241
 22.06545023 22.09489028 22.47642189 22.0215146  22.37930465 22.49836575
 22.22394147 22.73562185 22.14841669 22.15395042 22.73792684 22.21325927
 22.29547069 21.74289723 22.31868614 22.45608796 22.51244226 22.71409719
 22.24037417 22.28916701 22.40428102 21.88513521 22.14609404 22.70547766
 23.17230525 22.29078722 22.29455025 22.32179807 22.93511552 22.46209408
 22.4832406  21.6818117  22.40272162 22.42730564 22.2992929  22.15952966
 22.08755597 22.24332004 22.61703116 22.4512206  22.27343726 22.40572597
 22.71595093 22.57845407 22.76687571 22.65060027 22.07305446 22.34262574
 22.37083867 22.04849045 22.49145113 21.59758467 22.47361636 21.97030792
 22.19797346 22.13932758 22.48985952 22.3163659  22.20542623 22.36342628
 22.61691995 22.47484949 22.21044165 22.59062967 23.00282686 22.27590598
 22.61478027 22.4811093  22.27792875 22.74099913 22.07275081 22.16886647
 22.15831439 22.59614397 22.28905914 22.47806715 22.45693879 22.24014953
 22.49238056 22.75940043 22.25501393 22.04632686 22.34033705 21.92035487
 22.89768145 22.28794121 22.4755316  22.50158662 22.37802579 22.29494139
 22.63397573 22.43264393 22.12774271 21.75363733 22.58647764 22.59723658
 22.50801256 22.7471752  22.20853502 22.63304542 22.29192084 22.56324574
 22.51233085 22.61862692 22.56873127 22.31357491 22.38184215 22.52446614
 22.28958992 22.35816051 22.29562643 22.26952861 22.29681734 22.68975979
 22.52189791 22.61334087 22.22867118 22.26257124 22.53160962 22.06167729
 22.67595623 22.48352719 22.43125884 22.30090173 22.15006619 21.8005705
 22.1212773  22.39280682 22.68212306 22.15913441 22.58489168 22.33519793
 22.42173197 22.21693444 22.11418457 22.425457   22.57060356 22.46413064
 22.26219086 22.32555861 22.13258326 22.44369255 22.52018498 22.38874102
 22.64865066 21.97366801 22.50942058 22.29805034 22.16118983 22.48431438
 22.50985784 22.58739956 22.62254705 22.56296447 22.30369706 22.326735
 22.38866085 22.15401522 21.94519159 22.15149339 22.87486728 22.2725385
 22.24856737 21.77499264 22.5925871  22.60865672 22.4847836  22.11649712
 22.35276009 22.15068608 22.56761662 22.70205127 22.62437026 22.00748684
 22.20811582 22.31391561 22.11197396 22.15638022 22.4429017  21.97102019
 22.38784164 22.56953026 22.47033893 22.13922202 22.09333229 22.79002148
 22.2565653  22.41109958 22.31466801 22.71668745 21.92992006 22.09564929
 22.10825122 22.04064583 22.20288541 22.20035512 22.09485779 22.2219219
 22.25892869 22.20535189 22.46062144 22.21946034 21.7417164  22.40772517
 22.4111137  22.50932063 22.25920082 22.68224074 22.2195935  21.9234755
 22.45453181 21.92031412 22.22162353 22.41158427 22.23407026 22.71527047
 21.96396422 22.21592387 22.29159258 22.17740141 22.65486324 22.28226632
 22.74000715 22.35275794 22.28690229 22.35039495 22.33343131 22.36127989
 22.30874744 22.22571388 22.56896148 22.71298111 22.14628388 22.56005068
 22.22332625 22.43763639 21.98554588 22.5222944  22.33093048 22.57237229
 22.49611223 22.9195382  22.20894531 21.9822008  22.47949454 22.48062493
 22.33846477 22.20567557 22.3425273  22.46456748 22.21136525 22.39459931
 22.40650047 22.42357239 22.58464171 22.45349383 22.34707664 22.2739958
 22.68168895 21.9901899  22.41952935 22.61026687 22.48269678 22.72184751
 22.00825755 22.24966008 22.5042422  22.33375173 22.37010769 22.68361481
 22.45438008 22.39321877 22.43174045 22.43843719 22.8632215  22.16095904
 22.24487614 22.34356184 22.17686857 22.47463197 22.0729878  22.41242016
 22.4667414  22.28376205 22.98449085 22.41423075 22.0107555  22.08482071
 22.41132271 22.05339825 22.56709721 22.10926154 22.26399417 22.45769331
 22.44000153 22.01780055 22.42288743 22.17669325 22.54161994 22.21860452
 22.26711921 21.9240197  22.6799929  22.58535516 22.10234848 22.5321221
 22.4455528  21.92711398 22.85284977 22.0350182  22.4613701  22.35674333
 22.4147445  22.20147869 22.87633709 22.50022992 22.28631327 22.77913133
 22.64751793 22.14255721 22.18106905 22.20151087 22.67439203 22.13625389]