[75.37313433  84.87394958  92.30769231  92.13483146  80.
  93.33333333  84.44444444  90.          93.33333333  86.56716418
  77.31092437  88.46153846  76.40449438  88.          86.66666667
  86.66666667  96.66666667  86.66666667  91.79104478  86.55462185
  88.46153846  93.25842697  81.33333333  90.          93.33333333
  93.33333333  80.          92.53731343  92.43697479  89.42307692
  86.51685393  88.          85.          93.33333333  90.
  86.66666667  95.52238806  84.03361345  83.65384615  94.38202247
  94.66666667  90.          86.66666667  86.66666667 100.
  93.28358209  73.94957983  88.46153846  93.25842697  90.66666667
  80.          93.33333333  90.         100.          95.52238806
  82.35294118  86.53846154  83.14606742  81.33333333  88.33333333
  93.33333333  93.33333333  86.66666667  99.25373134  97.4789916
  83.65384615  86.51685393  94.66666667  95.          80.
  93.33333333  86.66666667  94.02985075  68.06722689  78.84615385
  84.26966292  89.33333333  91.66666667  88.88888889  90.
  93.33333333  83.58208955  90.75630252  95.19230769  88.76404494
  89.33333333  90.          82.22222222  80.          86.66666667
  98.50746269  86.55462185  97.11538462  88.76404494  90.66666667
  86.66666667  88.88888889  73.33333333  93.33333333  60.44776119
  89.07563025  88.46153846  85.39325843  89.33333333  90.
  77.77777778  83.33333333 100.          81.34328358  90.75630252
  83.65384615  91.01123596  82.66666667  88.33333333  88.88888889
  83.33333333  73.33333333  99.25373134  96.63865546  87.5
  89.88764045  93.33333333  96.66666667  88.88888889  96.66666667
  86.66666667  84.32835821  88.23529412  89.42307692  89.88764045
  82.66666667  86.66666667  82.22222222  86.66666667  66.66666667
  95.52238806  95.79831933  88.46153846  98.87640449  85.33333333
  95.          88.88888889  83.33333333  93.33333333  92.53731343
  77.31092437  92.30769231  96.62921348  85.33333333  86.66666667
  86.66666667  90.          80.          97.01492537  94.11764706
  81.73076923  93.25842697  93.33333333  91.66666667  91.11111111
  93.33333333  86.66666667  87.31343284  90.75630252  96.15384615
  92.13483146  89.33333333  90.          88.88888889  96.66666667
 100.          89.55223881  92.43697479  88.46153846  94.38202247
  89.33333333  88.33333333  86.66666667  93.33333333  86.66666667
  80.59701493  70.58823529  88.46153846  94.38202247  97.33333333
  93.33333333  86.66666667  90.          86.66666667  83.58208955
  94.11764706  82.69230769  91.01123596  92.          91.66666667
  91.11111111  83.33333333  86.66666667  91.04477612  92.43697479
  90.38461538  87.64044944  89.33333333  78.33333333  84.44444444
  70.          93.33333333  83.58208955  89.07563025  80.76923077
  91.01123596  93.33333333  81.66666667  91.11111111  80.
  86.66666667  95.52238806  76.47058824  88.46153846  97.75280899
  86.66666667  85.          84.44444444  83.33333333 100.
  79.85074627  82.35294118  84.61538462  91.01123596  93.33333333
  91.66666667  91.11111111  93.33333333  93.33333333  88.05970149
  93.27731092  88.46153846  87.64044944  94.66666667  86.66666667
  97.77777778  93.33333333  80.          94.02985075  93.27731092
  87.5         80.8988764   85.33333333  83.33333333  95.55555556
  86.66666667  80.          88.05970149  96.63865546  89.42307692
  92.13483146  86.66666667  95.          93.33333333  70.
  73.33333333  80.59701493  78.99159664  93.26923077  84.26966292
  88.          86.66666667  75.55555556  83.33333333  86.66666667
  89.55223881  90.75630252  95.19230769  91.01123596  88.
  93.33333333  86.66666667  86.66666667  73.33333333  91.04477612
  93.27731092  89.42307692  87.64044944  92.          86.66666667
  91.11111111  80.          73.33333333  75.37313433  99.15966387
  80.76923077  85.39325843  86.66666667  86.66666667  80.
  90.          93.33333333  92.53731343  70.58823529  88.46153846
  86.51685393  94.66666667  83.33333333  91.11111111  93.33333333
  80.          90.29850746  99.15966387  82.69230769  85.39325843
  93.33333333  96.66666667  88.88888889  83.33333333  93.33333333
  97.76119403  82.35294118  91.34615385  85.39325843  89.33333333
  83.33333333  84.44444444  90.         100.          97.76119403
  88.23529412  89.42307692  89.88764045  82.66666667  90.
  91.11111111  83.33333333  80.          97.76119403  87.39495798
  78.84615385  91.01123596  86.66666667  78.33333333  88.88888889
  76.66666667  60.          82.8358209   95.79831933  82.69230769
  85.39325843  92.          93.33333333  91.11111111  73.33333333
  86.66666667  90.29850746  93.27731092  96.15384615  94.38202247
  86.66666667  76.66666667  97.77777778  80.          80.
  88.80597015  94.11764706  93.26923077  78.65168539  92.
  86.66666667  77.77777778  90.          73.33333333  92.53731343
  98.31932773  91.34615385  91.01123596  89.33333333  78.33333333
  86.66666667  83.33333333  80.          98.50746269  84.87394958
  86.53846154  84.26966292  89.33333333  86.66666667  93.33333333
  83.33333333  80.          82.8358209   96.63865546  91.34615385
  86.51685393  89.33333333  93.33333333  82.22222222  80.
  66.66666667  89.55223881  97.4789916   88.46153846  92.13483146
  90.66666667  90.          84.44444444  90.          93.33333333
  76.11940299  78.1512605   78.84615385  97.75280899  85.33333333
  91.66666667  88.88888889  93.33333333  93.33333333  91.79104478
  66.38655462  93.26923077  87.64044944  88.          93.33333333
  97.77777778  86.66666667  86.66666667  96.26865672  90.75630252
  83.65384615  91.01123596  96.          88.33333333  88.88888889
  83.33333333  86.66666667  92.53731343  90.75630252  86.53846154
  89.88764045  82.66666667  88.33333333  80.          90.
  93.33333333  85.07462687  91.59663866  92.30769231  86.51685393
  94.66666667  86.66666667  84.44444444  86.66666667  73.33333333]